9.804964065551757812e-03
3.068362474441528320e-01
6.015409827232360840e-01
8.801003694534301758e-01
1.133285045623779297e+00
1.424791932106018066e+00
1.844351410865783691e+00
2.437649726867675781e+00
3.181490421295166016e+00
4.104282379150390625e+00
3.511301994323730469e+00
5.158107280731201172e+00
6.971385955810546875e+00
8.721486091613769531e+00
1.091289710998535156e+01
1.326122856140136719e+01
1.674773979187011719e+01
2.014616775512695312e+01
2.404287910461425781e+01
2.858320617675781250e+01
3.313322448730468750e+01
3.778400802612304688e+01
4.239546966552734375e+01
4.727129745483398438e+01
5.224343872070312500e+01
5.727237701416015625e+01
6.245969009399414062e+01
6.778051757812500000e+01
7.355781555175781250e+01
8.016478729248046875e+01
8.705360412597656250e+01
9.429371643066406250e+01
1.021368942260742188e+02
1.110572967529296875e+02
1.207808685302734375e+02
1.310209045410156250e+02
1.419191436767578125e+02
1.540038757324218750e+02
1.675943145751953125e+02
1.825766448974609375e+02
1.977562103271484375e+02
2.128921661376953125e+02
2.293746948242187500e+02
2.459586334228515625e+02
2.628772888183593750e+02
2.810876464843750000e+02
2.958696289062500000e+02
3.104208679199218750e+02
3.235201416015625000e+02
3.438768920898437500e+02
3.658450622558593750e+02
3.974242858886718750e+02
4.708753662109375000e+02
6.594067993164062500e+02
1.761376586914062500e+03
