4.651439965292654671e-04
1.175753460601646448e-02
5.134610764313125852e-02
3.109334305073696916e-02
2.440012844449300847e-02
2.138596302105338215e-02
1.975007203209425827e-02
1.873292255653813063e-02
1.801150677279988316e-02
1.740846061785336976e-02
1.679237754656605006e-02
1.603953828516499827e-02
1.503245390198450562e-02
1.337987638237570637e-02
9.836885872439091530e-03
7.447878779831471757e-03
1.649972810796991249e-02
2.848234891137266939e-02
2.670916148082128419e-02
2.502930072685648905e-02
2.383974203073632725e-02
2.364147789140904135e-02
2.417456359358558307e-02
2.519689066777446723e-02
2.691563180477443348e-02
2.905474641929295040e-02
3.139072122514123542e-02
3.389409449856133766e-02
3.631906430158182708e-02
3.852939399570558948e-02
4.035838126354717587e-02
4.174514092735544246e-02
4.269262609831772637e-02
4.323915165340529859e-02
4.349035475667797218e-02
4.354469849087189148e-02
4.349445062741093271e-02
4.340227956348230443e-02
4.331258639014797657e-02
4.325381849616354718e-02
4.323669026987869007e-02
4.327658972768153728e-02
4.340480311629073967e-02
4.363473128725856021e-02
4.396011693044905161e-02
4.440217075351049481e-02
4.498667164014574088e-02
4.566721602995161416e-02
4.642398718503706889e-02
4.728864506975327675e-02
4.817452000696496178e-02
4.904397756154206534e-02
5.001086966685808904e-02
5.105430544975150114e-02
5.212886903267376776e-02
5.318797953534697837e-02
5.415990433963908252e-02
5.511271102933781169e-02
5.605862195506981782e-02
5.674653671861831783e-02
5.746655002176132704e-02
5.864692258647385970e-02
5.949010167310159886e-02
5.984997672744125224e-02
5.998583555540321771e-02
5.978055479855694243e-02
6.054314369780403049e-02
6.404773271219672826e-02
6.907446403224780374e-02
7.217225533021937034e-02
