2.246758053296725820e-07
6.770506376130720965e-06
1.052820061709721120e-04
7.472752395586889024e-04
3.446257340544102779e-03
1.224228294593402051e-02
5.174267149212660212e-03
7.203621280939651213e-03
1.171898762313360390e-02
2.000505821678405169e-02
3.465332381878440116e-02
5.972703676918870302e-02
1.006047625157205083e-01
1.628010243865835316e-01
2.491946148993967602e-01
3.566346276474945953e-01
4.747267165945006084e-01
5.889731795798440750e-01
6.866961817166116200e-01
7.614032160726736942e-01
8.133400854517933709e-01
8.475694825831183721e-01
8.715420664480203472e-01
8.933444899242594106e-01
9.206664156899615481e-01
9.604498338624093412e-01
1.018863101490522061e+00
1.101415736119892630e+00
1.213096863023858107e+00
1.358347302677821444e+00
1.541037079946274035e+00
1.764351346469068105e+00
2.000000000000000000e+00
2.000000000000000000e+00
2.000000000000000000e+00
2.000000000000000000e+00
2.000000000000000000e+00
2.000000000000000000e+00
2.000000000000000000e+00
2.000000000000000000e+00
2.000000000000000000e+00
2.000000000000000000e+00
2.000000000000000000e+00
2.000000000000000000e+00
2.000000000000000000e+00
2.000000000000000000e+00
2.000000000000000000e+00
2.000000000000000000e+00
2.000000000000000000e+00
2.000000000000000000e+00
2.000000000000000000e+00
2.000000000000000000e+00
2.000000000000000000e+00
2.000000000000000000e+00
2.000000000000000000e+00
2.000000000000000000e+00
2.000000000000000000e+00
2.000000000000000000e+00
2.000000000000000000e+00
2.000000000000000000e+00
2.000000000000000000e+00
2.000000000000000000e+00
2.000000000000000000e+00
2.000000000000000000e+00
2.000000000000000000e+00
2.000000000000000000e+00
2.000000000000000000e+00
2.000000000000000000e+00
2.000000000000000000e+00
2.000000000000000000e+00
