2.246758053296725820e-07
6.770506376130720965e-06
1.052820061709721120e-04
7.472752395586889024e-04
3.446257340544102779e-03
1.224228294593402051e-02
5.174267149212660212e-03
7.203621280939651213e-03
1.171898762313360390e-02
2.000505821678405169e-02
3.465332381878440116e-02
5.972703676918870302e-02
1.006047625157205083e-01
1.628010243865835316e-01
2.491946148993967602e-01
3.566346276474945953e-01
4.747267165945006084e-01
5.889731795798440750e-01
6.866961817166116200e-01
7.614032160726736942e-01
8.133400854517933709e-01
8.475694825831183721e-01
8.715420664480203472e-01
8.933444899242594106e-01
9.206664156899615481e-01
9.604498338624093412e-01
1.018863101490522061e+00
1.101415736119892630e+00
1.213096863023858107e+00
1.358347302677821444e+00
1.541037079946274035e+00
1.764351346469068105e+00
2.030905815861180130e+00
2.342997360151898079e+00
2.703125242809471196e+00
3.114357223233101823e+00
3.580253077679421914e+00
4.099460669397423374e+00
4.583772717799264207e+00
3.589913372963250193e+00
3.679428194338393299e-01
1.656993871248394756e-01
1.881793537419695350e-01
2.133356167122107128e-01
2.414414025426025179e-01
2.727875619008348074e-01
3.076800394144002526e-01
3.464364630360318165e-01
3.893811044901955842e-01
4.368377642836929198e-01
4.891200397978731629e-01
5.465183253513519190e-01
6.092827682230118613e-01
6.776012644079484337e-01
7.515714230102824578e-01
8.311652601515295835e-01
9.161852045455587401e-01
1.006209811443585123e+00
1.100527397753359393e+00
1.198055652374653945e+00
1.297245220249404474e+00
1.395965569532081396e+00
1.491373001496901107e+00
1.579766307951234294e+00
1.656454632218480327e+00
1.715724916254756760e+00
1.751200192620884222e+00
1.757504983310439473e+00
1.735653219374541756e+00
1.704759730182111355e+00
