1.715059814453125000e+02
1.715059814453125000e+02
1.715059814453125000e+02
1.715059814453125000e+02
1.715059814453125000e+02
1.715059814453125000e+02
1.715059814453125000e+02
1.715059814453125000e+02
1.715059814453125000e+02
1.715059814453125000e+02
1.715059814453125000e+02
1.715059814453125000e+02
1.715059814453125000e+02
1.715059814453125000e+02
1.715059814453125000e+02
1.715059814453125000e+02
1.715059814453125000e+02
1.715059814453125000e+02
1.715059814453125000e+02
1.715059814453125000e+02
1.715059814453125000e+02
1.715059814453125000e+02
1.715059814453125000e+02
1.715059814453125000e+02
1.715059814453125000e+02
1.715059814453125000e+02
1.715059814453125000e+02
1.715059814453125000e+02
1.715059814453125000e+02
1.715059814453125000e+02
1.715059814453125000e+02
1.715059814453125000e+02
1.715059814453125000e+02
1.715059814453125000e+02
1.715059814453125000e+02
1.715059814453125000e+02
1.715059814453125000e+02
1.715059814453125000e+02
1.715059814453125000e+02
1.715059814453125000e+02
1.715059814453125000e+02
1.715059814453125000e+02
1.715059814453125000e+02
1.715059814453125000e+02
1.715059814453125000e+02
1.715059814453125000e+02
1.715059814453125000e+02
1.715059814453125000e+02
1.715059814453125000e+02
1.715059814453125000e+02
1.715059814453125000e+02
1.715059814453125000e+02
1.715059814453125000e+02
1.715059814453125000e+02
1.715059814453125000e+02
1.715059814453125000e+02
1.715059814453125000e+02
1.715059814453125000e+02
1.715059814453125000e+02
1.715059814453125000e+02
1.715059814453125000e+02
1.715059814453125000e+02
1.715059814453125000e+02
1.715059814453125000e+02
1.715059814453125000e+02
