1.394281315047651977e-06
9.270340708061471069e-05
1.396054771076704528e-03
9.461524093657268375e-03
4.129546401672201661e-02
1.366199611585749707e-01
3.963089270216573756e-01
9.572517477477849868e-01
1.965784569427508677e+00
3.488022092667492746e+00
5.456982349991412740e+00
7.713362509810021805e+00
1.008839444768008953e+01
1.245266169893419494e+01
1.472242100002376475e+01
1.684849202750133657e+01
1.880406104247864363e+01
2.057587197858594763e+01
2.215864497783981690e+01
2.355169511306740304e+01
2.475686213195787388e+01
2.577730629324272726e+01
2.661671991915941504e+01
2.727890232013841754e+01
2.776751191568206423e+01
2.808595338898962979e+01
2.823735949636912679e+01
2.822466763513252985e+01
2.805072847223008736e+01
2.771849790286970361e+01
2.723133088679607994e+01
2.659319920411078542e+01
2.580917035041306562e+01
2.488577635905776830e+01
2.383148311506392858e+01
2.265724266922982721e+01
2.137702034271840645e+01
2.000822115939791956e+01
1.857203385843578403e+01
1.709349165039437324e+01
1.560110886456914692e+01
1.412590585770236018e+01
1.269969577610807576e+01
1.135255908157575533e+01
1.010975531201047417e+01
8.988564729606821402e+00
7.996034375164027708e+00
7.128531087555852075e+00
6.373739508286607069e+00
5.714531446457817410e+00
5.133227799869795938e+00
4.614536218505411291e+00
4.146375097394465747e+00
3.719222735520510525e+00
3.325203491877916750e+00
2.957796276777122202e+00
2.612476920104671585e+00
2.288455658368616863e+00
1.991762865118718251e+00
1.737865495454197440e+00
