1.579599131098694857e-07 1.251716386170295293e-05
8.660892907595701493e-06 3.917872288713023844e-05
1.226875371580699633e-04 6.930628458586305740e-05
8.285148735646652961e-04 1.033504293054311480e-04
3.712525795279215252e-03 1.418203128385430963e-04
1.294888286690718156e-02 1.852912812309596069e-04
5.404898083039652405e-03 2.344134755143902266e-04
7.457249462939584232e-03 2.899215550546668384e-04
1.204989198643718375e-02 3.526456849351793836e-04
2.046227234478039878e-02 4.235239517001585983e-04
3.529675226898237872e-02 5.036163931445850539e-04
6.062614440618507156e-02 5.941208519767869276e-04
1.018224143298119416e-01 6.963908904571750828e-04
1.643619435828601594e-01 8.119560339400137394e-04
2.510491298708019681e-01 9.425446460756214083e-04
3.586476388285723127e-01 1.090109777788858189e-03
4.767157499089313411e-01 1.256858376624815556e-03
5.907758798280019485e-01 1.445284293309447281e-03
6.882176998188657135e-01 1.658205579163081044e-03
7.626195253598728740e-01 1.898806632177687213e-03
8.142741910655733051e-01 2.170685822084192276e-03
8.482654131800345665e-01 2.477909306678542731e-03
8.720474262250245134e-01 2.825071844270158738e-03
8.937016673747438800e-01 3.217365511748684903e-03
9.209093218857823393e-01 3.660657355999419934e-03
9.606035675777322425e-01 4.161577140002750350e-03
1.018944880224846639e+00 4.727616495926512986e-03
1.101436236493950283e+00 5.367240968120365677e-03
1.213061577932418533e+00 6.090016621699417820e-03
1.358257773752634456e+00 6.906753110243746274e-03
1.540891987012140696e+00 7.829665342298839856e-03
1.764147466257159680e+00 8.872556164521094857e-03
2.000000000000000000e+00 1.005102279363224126e-02
2.000000000000000000e+00 1.138269008452783698e-02
2.000000000000000000e+00 1.288747412323986222e-02
2.000000000000000000e+00 1.458788008698444841e-02
2.000000000000000000e+00 1.650933882601583053e-02
2.000000000000000000e+00 1.868058720112129520e-02
2.000000000000000000e+00 2.113409786499046566e-02
2.000000000000000000e+00 2.390656491516263138e-02
2.000000000000000000e+00 2.703945268185717690e-02
2.000000000000000000e+00 3.057961585822201178e-02
2.000000000000000000e+00 3.458000024751427259e-02
2.000000000000000000e+00 3.910043460741453175e-02
2.000000000000000000e+00 4.420852543410182245e-02
2.000000000000000000e+00 4.998066806825846031e-02
2.000000000000000000e+00 5.650318924485546457e-02
2.000000000000000000e+00 6.387363817441008007e-02
2.000000000000000000e+00 7.220224546480680239e-02
2.000000000000000000e+00 8.161357170295507890e-02
2.000000000000000000e+00 9.224837035206262525e-02
2.000000000000000000e+00 1.042656928255541599e-01
2.000000000000000000e+00 1.178452672205995977e-01
2.000000000000000000e+00 1.331901862870009112e-01
2.000000000000000000e+00 1.505299448320344402e-01
2.000000000000000000e+00 1.701238719879223094e-01
2.000000000000000000e+00 1.922650096740756154e-01
2.000000000000000000e+00 2.172844952594288337e-01
2.000000000000000000e+00 2.455565139708779654e-01
2.000000000000000000e+00 2.775038951148154354e-01
2.000000000000000000e+00 3.136044358074648875e-01
2.000000000000000000e+00 3.543980467901586828e-01
2.000000000000000000e+00 4.004948272006026988e-01
2.000000000000000000e+00 4.525841890644043963e-01
2.000000000000000000e+00 5.114451679705003251e-01
2.000000000000000000e+00 5.779580741343887107e-01
2.000000000000000000e+00 6.531176580995825542e-01
2.000000000000000000e+00 7.380479879802515075e-01
2.000000000000000000e+00 8.340192607454075535e-01
2.000000000000000000e+00 9.424667989700339366e-01
