1.394281315047651977e-06 1.051510151247127717e-04
9.270340708061471069e-05 3.270196570378567464e-04
1.396054771076704528e-03 5.732938495614465840e-04
9.461524093657268375e-03 8.466582032626312516e-04
4.129546401672201661e-02 1.150092635870946303e-03
1.366199611585749707e-01 1.486904856066176110e-03
3.963089270216573756e-01 1.860766420482881395e-03
9.572517477477849868e-01 2.275752756985423807e-03
1.965784569427508677e+00 2.736387590503246408e-03
2.000000000000000000e+00 3.247692255708029344e-03
2.000000000000000000e+00 3.815240434085338979e-03
2.000000000000000000e+00 4.445218912084152041e-03
2.000000000000000000e+00 5.144495022662834947e-03
2.000000000000000000e+00 5.920691505405173069e-03
2.000000000000000000e+00 6.782269601249168132e-03
2.000000000000000000e+00 7.738621287636002904e-03
2.000000000000000000e+00 8.800171659525391626e-03
2.000000000000000000e+00 9.978492572322611442e-03
2.000000000000000000e+00 1.128642878552752436e-02
2.000000000000000000e+00 1.273823798218497866e-02
2.000000000000000000e+00 1.434974619047475405e-02
2.000000000000000000e+00 1.613852030167640256e-02
2.000000000000000000e+00 1.812405956511023430e-02
2.000000000000000000e+00 2.032800814752178803e-02
2.000000000000000000e+00 2.277439107399861079e-02
2.000000000000000000e+00 2.548987612238788614e-02
2.000000000000000000e+00 2.850406452609997865e-02
2.000000000000000000e+00 3.184981365422040467e-02
2.000000000000000000e+00 3.556359518643407991e-02
2.000000000000000000e+00 3.968589268719125568e-02
2.000000000000000000e+00 4.426164291303172349e-02
2.000000000000000000e+00 4.934072566371464075e-02
2.000000000000000000e+00 5.497850751697268279e-02
2.000000000000000000e+00 6.123644537408910737e-02
2.000000000000000000e+00 6.818275639548833367e-02
2.000000000000000000e+00 7.589316162924147902e-02
2.000000000000000000e+00 8.445171143870747188e-02
2.000000000000000000e+00 9.395170172721473145e-02
2.000000000000000000e+00 1.044966909474577821e-01
2.000000000000000000e+00 1.162016289819275822e-01
2.000000000000000000e+00 1.291941102001890607e-01
2.000000000000000000e+00 1.436157643524592631e-01
2.000000000000000000e+00 1.596238004614792261e-01
2.000000000000000000e+00 1.773927205424913889e-01
2.000000000000000000e+00 1.971162218324148951e-01
2.000000000000000000e+00 2.190093082642299849e-01
2.000000000000000000e+00 2.433106342035447622e-01
2.000000000000000000e+00 2.702851059961841051e-01
2.000000000000000000e+00 3.002267696860138058e-01
2.000000000000000000e+00 3.334620163817247906e-01
2.000000000000000000e+00 3.703531402139639828e-01
2.000000000000000000e+00 4.113022876677494555e-01
2.000000000000000000e+00 4.567558413414514185e-01
2.000000000000000000e+00 5.072092859192605108e-01
2.000000000000000000e+00 5.632126094006286721e-01
2.000000000000000000e+00 6.253762984649473555e-01
2.000000000000000000e+00 6.943779933263409809e-01
2.000000000000000000e+00 7.709698746224880050e-01
2.000000000000000000e+00 8.559868628612110619e-01
2.000000000000000000e+00 9.503557198061939326e-01
