1.251716386170295293e-05 3.754393723177531114e-08
3.917872288713023844e-05 2.058522401615479247e-06
6.930628458586305740e-05 2.916039331434578896e-05
1.033504293054311480e-04 1.969215467158961000e-04
1.418203128385430963e-04 8.823937205660619841e-04
1.852912812309596069e-04 3.077692536071663983e-03
2.344134755143902266e-04 2.766154833409565153e-02
2.899215550546668384e-04 4.727697646644329899e-02
3.526456849351793836e-04 6.280723126778375853e-02
4.235239517001585983e-04 9.967417384336953179e-02
5.036163931445850539e-04 1.668527457577277662e-01
5.941208519767869276e-04 2.638065549985120772e-01
6.963908904571750828e-04 3.808132760847164344e-01
8.119560339400137394e-04 5.213344384821000377e-01
9.425446460756214083e-04 6.978979416373515265e-01
1.090109777788858189e-03 8.952710836510181514e-01
1.256858376624815556e-03 1.075643141986269091e+00
1.445284293309447281e-03 1.219716935936108637e+00
1.658205579163081044e-03 1.325827670181135121e+00
1.898806632177687213e-03 1.386822844593630366e+00
2.170685822084192276e-03 1.400503597002222156e+00
2.477909306678542731e-03 1.378526362017536089e+00
2.825071844270158738e-03 1.332741286207063780e+00
3.217365511748684903e-03 1.270683753615547085e+00
3.660657355999419934e-03 1.199318177189672596e+00
4.161577140002750350e-03 1.125005407645574884e+00
4.727616495926512986e-03 1.052505756187504193e+00
5.367240968120365677e-03 9.851473135639690071e-01
6.090016621699417820e-03 9.255300503492509545e-01
6.906753110243746274e-03 8.758499600507704264e-01
7.829665342298839856e-03 8.376954399285724273e-01
8.872556164521094857e-03 8.117941388948827219e-01
1.005102279363224126e-02 7.979037675898487114e-01
1.138269008452783698e-02 2.000000000000000000e+00
1.288747412323986222e-02 2.000000000000000000e+00
1.458788008698444841e-02 2.000000000000000000e+00
1.650933882601583053e-02 2.000000000000000000e+00
1.868058720112129520e-02 2.000000000000000000e+00
2.113409786499046566e-02 2.000000000000000000e+00
2.390656491516263138e-02 2.000000000000000000e+00
2.703945268185717690e-02 2.000000000000000000e+00
3.057961585822201178e-02 2.000000000000000000e+00
3.458000024751427259e-02 2.000000000000000000e+00
3.910043460741453175e-02 2.000000000000000000e+00
4.420852543410182245e-02 2.000000000000000000e+00
4.998066806825846031e-02 2.000000000000000000e+00
5.650318924485546457e-02 2.000000000000000000e+00
6.387363817441008007e-02 2.000000000000000000e+00
7.220224546480680239e-02 2.000000000000000000e+00
8.161357170295507890e-02 2.000000000000000000e+00
9.224837035206262525e-02 2.000000000000000000e+00
1.042656928255541599e-01 2.000000000000000000e+00
1.178452672205995977e-01 2.000000000000000000e+00
1.331901862870009112e-01 2.000000000000000000e+00
1.505299448320344402e-01 2.000000000000000000e+00
1.701238719879223094e-01 2.000000000000000000e+00
1.922650096740756154e-01 2.000000000000000000e+00
2.172844952594288337e-01 2.000000000000000000e+00
2.455565139708779654e-01 2.000000000000000000e+00
2.775038951148154354e-01 2.000000000000000000e+00
3.136044358074648875e-01 2.000000000000000000e+00
3.543980467901586828e-01 2.000000000000000000e+00
4.004948272006026988e-01 2.000000000000000000e+00
4.525841890644043963e-01 2.000000000000000000e+00
5.114451679705003251e-01 2.000000000000000000e+00
5.779580741343887107e-01 2.000000000000000000e+00
6.531176580995825542e-01 2.000000000000000000e+00
7.380479879802515075e-01 2.000000000000000000e+00
8.340192607454075535e-01 2.000000000000000000e+00
9.424667989700339366e-01 2.000000000000000000e+00
