1.706010251780156849e-08 1.251716386170295293e-05
5.339812088071890293e-08 3.917872288713023844e-05
9.446008163081546857e-08 6.930628458586305740e-05
1.408600972784246133e-07 1.033504293054311480e-04
1.932921149602229373e-07 1.418203128385430963e-04
2.525402949406550403e-07 1.852912812309596069e-04
2.261583621685321505e-06 2.344134755143902266e-04
5.328655242919922214e-06 2.899215550546668384e-04
9.664388803335336424e-06 3.526456849351793836e-04
1.538139123183030222e-05 4.235239517001585983e-04
2.253816677973820651e-05 5.036163931445850539e-04
3.125108205355130717e-05 5.941208519767869276e-04
4.184686220609224724e-05 6.963908904571750828e-04
5.493824298565204070e-05 8.119560339400137394e-04
7.148375877967248272e-05 9.425446460756214083e-04
9.281369356008676999e-05 1.090109777788858189e-03
1.206398927248441297e-04 1.256858376624815556e-03
1.570720856006328813e-04 1.445284293309447281e-03
2.045916593991793089e-04 1.658205579163081044e-03
2.659287819495567739e-04 1.898806632177687213e-03
3.437757492065429904e-04 2.170685822084192276e-03
4.402186320378229903e-04 2.477909306678542731e-03
5.558937329512375842e-04 2.825071844270158738e-03
6.889684383685772042e-04 3.217365511748684903e-03
8.344107407789963602e-04 3.660657355999419934e-03
9.840200497553898591e-04 4.161577140002750350e-03
1.127674029423640341e-03 4.727616495926512986e-03
1.255592933067908564e-03 5.367240968120365677e-03
1.360702881446251584e-03 6.090016621699417820e-03
1.440149820767916249e-03 6.906753110243746274e-03
1.495222495152400029e-03 7.829665342298839856e-03
1.530150083395150898e-03 8.872556164521094857e-03
1.550332582913912204e-03 1.005102279363224126e-02
1.560912682459904581e-03 1.138269008452783698e-02
1.565899665539081248e-03 1.288747412323986222e-02
1.568033511822040189e-03 1.458788008698444841e-02
1.569132804870605486e-03 1.650933882601583053e-02
1.572428116431603138e-03 1.868058720112129520e-02
1.609797661121075037e-03 2.113409786499046566e-02
2.347798897669865423e-03 2.390656491516263138e-02
2.611164973332331593e-02 2.703945268185717690e-02
6.596822885366586398e-02 3.057961585822201178e-02
6.596838144155649231e-02 3.458000024751427259e-02
6.596838144155649231e-02 3.910043460741453175e-02
6.596838144155649231e-02 4.420852543410182245e-02
6.596838144155649231e-02 4.998066806825846031e-02
6.596838144155649231e-02 5.650318924485546457e-02
6.596838144155649231e-02 6.387363817441008007e-02
6.596838144155649231e-02 7.220224546480680239e-02
6.596838144155649231e-02 8.161357170295507890e-02
6.596838144155649231e-02 9.224837035206262525e-02
6.596838144155649231e-02 1.042656928255541599e-01
6.596838144155649231e-02 1.178452672205995977e-01
6.596838144155649231e-02 1.331901862870009112e-01
6.596838144155649231e-02 1.505299448320344402e-01
6.596838144155649231e-02 1.701238719879223094e-01
6.596838144155649231e-02 1.922650096740756154e-01
6.596838144155649231e-02 2.172844952594288337e-01
6.596838144155649231e-02 2.455565139708779654e-01
6.596838144155649231e-02 2.775038951148154354e-01
6.596838144155649231e-02 3.136044358074648875e-01
6.596838144155649231e-02 3.543980467901586828e-01
6.596838144155649231e-02 4.004948272006026988e-01
6.596838144155649231e-02 4.525841890644043963e-01
6.596838144155649231e-02 5.114451679705003251e-01
6.596838144155649231e-02 5.779580741343887107e-01
6.596838144155649231e-02 6.531176580995825542e-01
6.596838144155649231e-02 7.380479879802515075e-01
6.596838144155649231e-02 8.340192607454075535e-01
6.596838144155649231e-02 9.424667989700339366e-01
