5.525112152099609375e-03
2.297878265380859375e-03
4.370689392089843750e-03
9.641647338867187500e-03
1.641988754272460938e-02
2.479267120361328125e-02
3.734588623046875000e-02
5.818319320678710938e-02
9.006643295288085938e-02
1.337141990661621094e-01
1.933431625366210938e-01
2.780261039733886719e-01
3.956089019775390625e-01
5.522427558898925781e-01
7.604236602783203125e-01
1.039357662200927734e+00
1.408602476119995117e+00
1.891426086425781250e+00
2.519751787185668945e+00
3.331698417663574219e+00
4.369149208068847656e+00
5.676924705505371094e+00
7.299790382385253906e+00
9.273826599121093750e+00
1.161351013183593750e+01
1.430194854736328125e+01
1.729124832153320312e+01
2.051683616638183594e+01
2.392287445068359375e+01
2.748443603515625000e+01
3.121612358093261719e+01
3.516599655151367188e+01
3.940386199951171875e+01
4.401172256469726562e+01
4.907812118530273438e+01
5.469816207885742188e+01
6.097505187988281250e+01
6.801712036132812500e+01
7.593298339843750000e+01
8.482872772216796875e+01
9.481249237060546875e+01
1.060027694702148438e+02
1.185379409790039062e+02
1.325652465820312500e+02
1.481974487304687500e+02
1.655010375976562500e+02
1.845415039062500000e+02
2.053623352050781250e+02
2.279083251953125000e+02
2.520545349121093750e+02
2.773395996093750000e+02
3.032113342285156250e+02
3.290585021972656250e+02
3.541903991699218750e+02
3.782346496582031250e+02
3.982224121093750000e+02
4.175910949707031250e+02
4.293302001953125000e+02
4.335813903808593750e+02
4.317795104980468750e+02
4.172709655761718750e+02
3.991493225097656250e+02
3.784866027832031250e+02
3.557350158691406250e+02
3.430302124023437500e+02
