4.071204364299774170e-02
4.752932861447334290e-02
5.513381585478782654e-02
6.362096965312957764e-02
7.309895753860473633e-02
8.369047194719314575e-02
9.553505480289459229e-02
1.087918356060981750e-01
1.236426383256912231e-01
1.402958929538726807e-01
1.589912623167037964e-01
1.800051331520080566e-01
2.036574631929397583e-01
2.303200960159301758e-01
2.604268193244934082e-01
2.944861650466918945e-01
3.330966234207153320e-01
3.769665956497192383e-01
4.269387423992156982e-01
4.840210676193237305e-01
5.494264960289001465e-01
6.246236562728881836e-01
7.114019393920898438e-01
8.119566440582275391e-01
9.289995431900024414e-01
1.065902113914489746e+00
1.226889014244079590e+00
1.417285203933715820e+00
1.643848896026611328e+00
1.915208458900451660e+00
2.242429733276367188e+00
2.639747142791748047e+00
3.125487327575683594e+00
3.723175287246704102e+00
4.462769508361816406e+00
5.381851196289062500e+00
6.526412010192871094e+00
7.950643062591552734e+00
9.715011596679687500e+00
1.188214874267578125e+01
1.451121330261230469e+01
1.765308380126953125e+01
2.135001373291015625e+01
2.564125633239746094e+01
3.057148933410644531e+01
3.619519805908203125e+01
4.257319641113281250e+01
4.976522827148437500e+01
5.782598114013671875e+01
6.680824279785156250e+01
7.677027130126953125e+01
8.778141784667968750e+01
9.992275238037109375e+01
1.132842941284179688e+02
1.279623107910156250e+02
