1.292183523387163026e-06 1.051510151247127717e-04
4.018690757734077280e-06 3.270196570378567464e-04
7.045113787859152121e-06 5.732938495614465840e-04
1.040444335129798459e-05 8.466582032626312516e-04
1.413329916671509105e-05 1.150092635870946303e-03
1.827232912182807849e-05 1.486904856066176110e-03
1.191452611237764359e-05 1.860766420482881395e-03
1.421948801726102763e-05 2.275752756985423807e-03
2.990030311048030696e-05 2.736387590503246408e-03
6.499939411878585750e-05 3.247692255708029344e-03
1.269680708646774426e-04 3.815240434085338979e-03
2.245222032070159955e-04 4.445218912084152041e-03
3.673768043518066645e-04 5.144495022662834947e-03
5.656064748764037895e-04 5.920691505405173069e-03
8.290765881538390966e-04 6.782269601249168132e-03
1.166738867759704651e-03 7.738621287636002904e-03
1.586097478866577105e-03 8.800171659525391626e-03
2.092962026596069391e-03 9.978492572322611442e-03
2.691471099853515615e-03 1.128642878552752436e-02
3.384362459182739275e-03 1.273823798218497866e-02
4.173346519470214760e-03 1.434974619047475405e-02
5.059501171112060387e-03 1.613852030167640256e-02
6.043423652648925379e-03 1.812405956511023430e-02
7.125361442565918135e-03 2.032800814752178803e-02
8.305188179016112504e-03 2.277439107399861079e-02
9.582445144653320770e-03 2.548987612238788614e-02
1.095660781860351499e-02 2.850406452609997865e-02
1.242746925354003967e-02 3.184981365422040467e-02
1.399589443206787111e-02 3.556359518643407991e-02
1.566433906555175781e-02 3.968589268719125568e-02
1.743740653991699210e-02 4.426164291303172349e-02
1.932159805297851626e-02 4.934072566371464075e-02
2.132464218139648593e-02 5.497850751697268279e-02
2.345405006408691345e-02 6.123644537408910737e-02
2.571572113037109281e-02 6.818275639548833367e-02
2.811269569396972548e-02 7.589316162924147902e-02
3.064522361755371224e-02 8.445171143870747188e-02
3.331246566772461115e-02 9.395170172721473145e-02
3.611638641357421686e-02 1.044966909474577821e-01
3.906752014160156522e-02 1.162016289819275822e-01
4.219160842895507829e-02 1.291941102001890607e-01
4.553440475463867154e-02 1.436157643524592631e-01
4.916018676757812761e-02 1.596238004614792261e-01
5.313624954223632874e-02 1.773927205424913889e-01
5.749422073364257590e-02 1.971162218324148951e-01
6.216542434692382685e-02 2.190093082642299849e-01
6.691601562500000544e-02 2.433106342035447622e-01
7.135167694091797130e-02 2.702851059961841051e-01
7.504901123046875400e-02 3.002267696860138058e-01
7.773746490478515569e-02 3.334620163817247906e-01
7.936589050292969238e-02 3.703531402139639828e-01
8.001862335205077448e-02 4.113022876677494555e-01
7.979937744140624956e-02 4.567558413414514185e-01
7.877738189697265636e-02 5.072092859192605108e-01
7.700649261474609708e-02 5.632126094006286721e-01
7.459016418457031783e-02 6.253762984649473555e-01
7.174692535400391258e-02 6.943779933263409809e-01
6.881327819824219205e-02 7.709698746224880050e-01
6.615130615234375566e-02 8.559868628612110619e-01
6.401785278320312744e-02 9.503557198061939326e-01
