1.037691042311420072e-06 1.051510151247127717e-04
3.227219141588516874e-06 3.270196570378567464e-04
5.657595331786094805e-06 5.732938495614465840e-04
8.355312902905404394e-06 8.466582032626312516e-04
1.134977940684784122e-05 1.150092635870946303e-03
1.467363722622394592e-05 1.486904856066176110e-03
1.860374212265014816e-05 1.860766420482881395e-03
2.956812456250190664e-05 2.275752756985423807e-03
5.117449909448623386e-05 2.736387590503246408e-03
8.831093460321426413e-05 3.247692255708029344e-03
1.472655981779098409e-04 3.815240434085338979e-03
2.359263300895690857e-04 4.445218912084152041e-03
3.637315332889556972e-04 5.144495022662834947e-03
5.415043234825133974e-04 5.920691505405173069e-03
7.809921503067016480e-04 6.782269601249168132e-03
1.094215393066406191e-03 7.738621287636002904e-03
1.492620706558227565e-03 8.800171659525391626e-03
1.986248254776000997e-03 9.978492572322611442e-03
2.583007335662841717e-03 1.128642878552752436e-02
3.288212776184081844e-03 1.273823798218497866e-02
4.104415893554687854e-03 1.434974619047475405e-02
5.031576633453369030e-03 1.613852030167640256e-02
6.067331790924072356e-03 1.812405956511023430e-02
7.207468032836914472e-03 2.032800814752178803e-02
8.446395874023437597e-03 2.277439107399861079e-02
9.777751922607422208e-03 2.548987612238788614e-02
1.119518470764160195e-02 2.850406452609997865e-02
1.269332218170166060e-02 3.184981365422040467e-02
1.426903247833252036e-02 3.556359518643407991e-02
1.592263507843017650e-02 3.968589268719125568e-02
1.765885734558105338e-02 4.426164291303172349e-02
1.948724174499511658e-02 4.934072566371464075e-02
2.142168998718261760e-02 5.497850751697268279e-02
2.347916221618652488e-02 6.123644537408910737e-02
2.567774581909179621e-02 6.818275639548833367e-02
2.803449249267577978e-02 7.589316162924147902e-02
3.056364440917968758e-02 8.445171143870747188e-02
3.327583312988281056e-02 9.395170172721473145e-02
3.617866516113281417e-02 1.044966909474577821e-01
3.927896881103515314e-02 1.162016289819275822e-01
4.258599090576171975e-02 1.291941102001890607e-01
4.611410903930664162e-02 1.436157643524592631e-01
4.988190078735351557e-02 1.596238004614792261e-01
5.390304946899414362e-02 1.773927205424913889e-01
5.816478347778320651e-02 1.971162218324148951e-01
6.259376144409180276e-02 2.190093082642299849e-01
6.702260589599609575e-02 2.433106342035447622e-01
7.118757629394531494e-02 2.702851059961841051e-01
7.478694152832031372e-02 3.002267696860138058e-01
7.758425140380859064e-02 3.334620163817247906e-01
7.948138427734374734e-02 3.703531402139639828e-01
8.050102233886718972e-02 4.113022876677494555e-01
8.070441436767578081e-02 4.567558413414514185e-01
8.011729431152343761e-02 5.072092859192605108e-01
7.871213531494140880e-02 5.632126094006286721e-01
7.646531677246093395e-02 6.253762984649473555e-01
7.348139953613280762e-02 6.943779933263409809e-01
7.010050201416015425e-02 7.709698746224880050e-01
6.683911895751952492e-02 8.559868628612110619e-01
6.415282440185546275e-02 9.503557198061939326e-01
