-6.988632678985595703e-02
-3.657281398773193359e-02
-7.169365882873535156e-03
2.151930332183837891e-02
5.204844474792480469e-02
8.686482906341552734e-02
1.288151741027832031e-01
1.812911033630371094e-01
2.483100891113281250e-01
3.344907760620117188e-01
4.451345205307006836e-01
5.864789485931396484e-01
7.643814682960510254e-01
9.827911853790283203e-01
1.241726398468017578e+00
1.528740644454956055e+00
1.799433231353759766e+00
1.885689020156860352e+00
2.515669345855712891e+00
3.307895183563232422e+00
4.367168903350830078e+00
5.678431987762451172e+00
7.295102596282958984e+00
9.275655746459960938e+00
1.160828685760498047e+01
1.430023288726806641e+01
1.728597068786621094e+01
2.051802635192871094e+01
2.392304801940917969e+01
2.748316764831542969e+01
3.122209167480468750e+01
3.516390991210937500e+01
3.941788101196289062e+01
4.401647949218750000e+01
4.908266067504882812e+01
5.471867370605468750e+01
6.098459625244140625e+01
6.803741455078125000e+01
7.594544219970703125e+01
8.484557342529296875e+01
9.483615112304687500e+01
1.060279769897460938e+02
1.185734710693359375e+02
1.325890808105468750e+02
1.482193908691406250e+02
1.655029144287109375e+02
1.845883026123046875e+02
2.054126586914062500e+02
2.279657287597656250e+02
2.521154632568359375e+02
2.774143066406250000e+02
3.032728271484375000e+02
3.291314697265625000e+02
3.542301635742187500e+02
3.782395324707031250e+02
3.982879333496093750e+02
4.176081542968750000e+02
4.293668518066406250e+02
4.336044006347656250e+02
4.318011169433593750e+02
4.172631835937500000e+02
3.991400756835937500e+02
3.784661254882812500e+02
3.557288208007812500e+02
3.430782470703125000e+02
