-9.991209954023361206e-02
-6.053673848509788513e-02
-2.738608419895172119e-02
4.266221076250076294e-03
3.690664470195770264e-02
7.306731492280960083e-02
1.160204410552978516e-01
1.692819148302078247e-01
2.368974089622497559e-01
3.220693767070770264e-01
4.340180754661560059e-01
5.742521286010742188e-01
7.531125545501708984e-01
9.712617397308349609e-01
1.227539658546447754e+00
1.394286036491394043e+00
1.643122553825378418e+00
1.723299503326416016e+00
2.454051494598388672e+00
3.992379665374755859e+00
4.347635269165039062e+00
5.676067829132080078e+00
7.341959953308105469e+00
9.281965255737304688e+00
1.162863826751708984e+01
1.416547107696533203e+01
1.725207328796386719e+01
2.045945549011230469e+01
2.387799835205078125e+01
2.744462966918945312e+01
3.116257286071777344e+01
3.511709594726562500e+01
3.936001586914062500e+01
4.396968078613281250e+01
4.904313278198242188e+01
5.466814422607421875e+01
6.093103790283203125e+01
6.799830627441406250e+01
7.589076995849609375e+01
8.480016326904296875e+01
9.477316284179687500e+01
1.059732666015625000e+02
1.185098953247070312e+02
1.325226898193359375e+02
1.481846313476562500e+02
1.654711608886718750e+02
1.845153961181640625e+02
2.053500976562500000e+02
2.278932495117187500e+02
2.520460357666015625e+02
2.773476562500000000e+02
3.032438354492187500e+02
3.289048156738281250e+02
3.544592895507812500e+02
3.780601196289062500e+02
3.984375305175781250e+02
4.175249328613281250e+02
4.294949340820312500e+02
4.336624450683593750e+02
4.319207153320312500e+02
4.174534301757812500e+02
3.993633117675781250e+02
3.787209167480468750e+02
3.559350891113281250e+02
3.431329650878906250e+02
