3.916039999999999864e-04 1.952760383084508472e-02 2.315771750838960815e-07 1.595469907711615087e+04
1.213972399999999931e-03 6.065299552752596163e-02 6.712541332269333721e-06 2.779103863905296748e+03
2.118577640000000005e-03 1.060452869417342764e-01 5.034175224281773058e-05 9.015718005877140513e+02
3.113643404000000260e-03 1.558136306351854405e-01 2.019754805483039929e-04 4.110117636846373443e+02
4.208215744400001235e-03 2.089617852122395703e-01 5.628856084304767384e-04 2.348261536270171064e+02
5.412245318840000832e-03 2.624114491316577036e-01 1.184802782974060577e-03 1.561914502161044140e+02
6.736677850724001604e-03 3.120996265093557431e-01 1.964896487291164714e-03 1.132007273824327740e+02
8.193553635796402626e-03 3.557459224498278338e-01 2.724908423185215881e-03 8.573312019689588226e+01
9.796116999376044271e-03 3.933533126274869618e-01 3.363660112082069407e-03 6.669430373748093643e+01
1.155893669931364748e-02 4.259038264331110324e-01 3.866047051281015084e-03 5.296253720194529535e+01
1.349803836924501343e-02 4.544623310233026903e-01 4.252467418263662646e-03 4.279752035665055132e+01
1.563105020616951599e-02 4.799062009335096635e-01 4.548990481471427982e-03 3.510714378625667109e+01
1.797736322678646775e-02 5.029059655113867766e-01 4.777759881134177253e-03 2.917381456439621346e+01
2.055830754946511713e-02 5.239658323759525116e-01 4.955548312728237995e-03 2.451446151518009486e+01
2.339734630441163421e-02 5.434668479598090407e-01 5.094587036330659215e-03 2.079735895189473638e+01
2.652028893485280231e-02 5.617005784893400744e-01 5.203710989499765391e-03 1.779025973772886715e+01
2.995552582833808236e-02 5.788935058332520533e-01 5.289313415437840726e-03 1.532744191402048628e+01
3.373428641117189042e-02 5.952241754750904335e-01 5.356046466417411361e-03 1.328846245889786815e+01
3.789092305228908969e-02 6.108353119031626477e-01 5.407314344819310128e-03 1.158425635478615945e+01
4.246322335751800264e-02 6.258423925773313190e-01 5.445616318713203743e-03 1.014789175315978831e+01
4.749275369326980134e-02 6.403398642318330891e-01 5.472785652660841146e-03 8.928318581352321814e+00
5.302523706259679170e-02 6.544056776967439593e-01 5.490157028137187742e-03 7.886067107533774490e+00
5.911096876885647139e-02 6.681047415240743970e-01 5.498684728668676823e-03 6.990239799766019502e+00
6.580527364574212390e-02 6.814916359200056117e-01 5.499025836209966989e-03 6.216373369466131393e+00
7.316900901031633819e-02 6.946129106271262676e-01 5.491597805358765759e-03 5.544895779166370886e+00
8.126911791134799889e-02 7.075091234974584253e-01 5.476616397841663382e-03 4.959995772397874703e+00
9.017923770248278958e-02 7.202167791145006603e-01 5.454118440102382476e-03 4.448784976777687916e+00
9.998036947273108987e-02 7.327702350756499783e-01 5.423972106682863059e-03 4.000670044319031504e+00
1.107616144200042063e-01 7.452034996105461051e-01 5.385877095864955583e-03 3.606875817968304698e+00
1.226209838620046372e-01 7.575518015966298258e-01 5.339356693138301926e-03 3.260080530453349112e+00
1.356662902482050903e-01 7.698526940240044691e-01 5.283743232974895052e-03 2.954133891699157299e+00
1.500161272730256290e-01 7.821464873916283977e-01 5.218157935964231643e-03 2.683837642497218567e+00
1.658009480003282132e-01 7.944758457264331497e-01 5.141485431394487299e-03 2.444772228049699514e+00
1.831642508003610559e-01 8.068846245911427406e-01 5.052343364226894243e-03 2.233158507326071351e+00
2.022638838803971773e-01 8.194163946635264484e-01 4.949047272457656084e-03 2.045745776837085028e+00
2.232734802684369357e-01 8.321136569969047603e-01 4.829568598683287202e-03 1.879718647718501057e+00
2.463840362952806617e-01 8.450191925218348832e-01 4.691476357907035585e-03 1.732614813098390050e+00
2.718056479248087687e-01 8.581806110937788556e-01 4.531842798371469097e-03 1.602244731348815954e+00
2.997694207172896808e-01 8.716571274202605801e-01 4.347089454713379958e-03 1.486602756700431183e+00
3.305295707890186785e-01 8.855243776244755560e-01 4.132769789737089638e-03 1.383759844312278942e+00
3.643657358679205371e-01 8.998736978762087446e-01 3.883296688036086061e-03 1.291721645581725753e+00
4.015855174547126039e-01 9.147943926510615498e-01 3.591760653968974724e-03 1.208245008093849826e+00
4.425272772001839217e-01 9.303789900280369229e-01 3.249781325456556000e-03 1.130537451398759607e+00
4.875632129202023268e-01 9.467375842604510705e-01 2.847824835495379146e-03 1.054794797384007055e+00
5.371027422122225392e-01 9.639818688459592666e-01 2.375104011973429904e-03 9.751306864835475041e-01
5.890012967086248885e-01 9.813117190715330285e-01 1.848489763518657188e-03 8.862848626828769838e-01
6.408998512050270158e-01 9.980641753644681202e-01 1.299314886214652642e-03 7.810826624849497302e-01
6.927984057014293651e-01 1.014466037371332785e+00 7.391723225762302299e-04 6.428614180587297611e-01
7.446969601978314923e-01 1.031560282824336205e+00 2.070757316393921697e-04 4.263424218824720113e-01
7.965955146942338416e-01 1.043657228889458999e+00 1.551942768195372008e-05 2.640113658584281597e-01
8.484940691906359689e-01 1.045194734744502529e+00 2.073440397916161239e-06 2.406856747937560215e-01
9.003926236870383182e-01 1.044947786668255940e+00 1.812127741391393939e-06 2.401430790453169539e-01
9.522911781834405565e-01 1.044677712789129798e+00 1.807256578195006333e-06 2.400732969149423079e-01
1.004189732679842795e+00 1.044430035369130483e+00 1.806480560731794307e-06 2.400192194027799264e-01
1.056088287176244922e+00 1.044202528028646437e+00 1.805893218379923188e-06 2.399743053603040632e-01
1.107986841672647049e+00 1.043992779050441744e+00 1.805405930845068490e-06 2.399364784078023838e-01
1.159885396169049177e+00 1.043798720293581006e+00 1.804995911530997510e-06 2.399042228057207127e-01
1.211783950665451304e+00 1.043618672962855820e+00 1.804647158336885984e-06 2.398764266706772674e-01
1.263682505161853431e+00 1.043451218179555218e+00 1.804347561899009510e-06 2.398522431571119551e-01
1.315581059658255558e+00 1.043295158789498744e+00 1.804087990091307893e-06 2.398310304925224679e-01
1.367479614154657686e+00 1.043149474459238224e+00 1.803861351252690983e-06 2.398122874528075543e-01
1.419378168651059813e+00 1.043013292192216834e+00 1.803662123443091528e-06 2.397956215606816543e-01
1.471276723147461940e+00 1.042885852915562239e+00 1.803485934004487136e-06 2.397807202671479176e-01
1.523175277643864067e+00 1.042766502472947554e+00 1.803329286516437569e-06 2.397673321653094047e-01
1.575073832140266195e+00 1.042654662927744447e+00 1.803189363354642962e-06 2.397552534612497899e-01
1.626972386636668322e+00 1.042549833118771918e+00 1.803063876189271608e-06 2.397443175677628213e-01
1.678870941133070449e+00 1.042451564913202233e+00 1.802950940564157668e-06 2.397343864759185206e-01
1.730769495629472576e+00 1.042359467255971062e+00 1.802848994790325975e-06 2.397253451228755217e-01
1.782668050125874704e+00 1.042273191420152623e+00 1.802756724996971813e-06 2.397170962066790256e-01
1.834566604622276831e+00 1.042192431842352995e+00 1.802673035821589169e-06 2.397095581040722123e-01
1.886465159118678958e+00 1.042116916500800183e+00 1.802596987314838425e-06 2.397026605393620668e-01
1.938363713615081085e+00 1.042046404872099208e+00 1.802527833005524093e-06 2.396963471424364001e-01
1.990262268111483213e+00 1.041980673333802176e+00 1.802464947939261395e-06 2.396905702516622105e-01
2.042160822607885340e+00 1.041919512498553857e+00 1.802407788672196004e-06 2.396852880625053861e-01
2.094059377104287467e+00 1.041862736518497812e+00 1.802355833783576917e-06 2.396804607366833095e-01
2.145957931600689594e+00 1.041810180353712756e+00 1.802308664396189888e-06 2.396760558685017140e-01
2.197856486097091722e+00 1.041761700711215433e+00 1.802265893045478399e-06 2.396720436655407627e-01
2.249755040593493849e+00 1.041717166933150862e+00 1.802227230113688308e-06 2.396684012945736741e-01
2.301653595089895976e+00 1.041676464319786000e+00 1.802192379965099461e-06 2.396651059293724295e-01
2.353552149586298103e+00 1.041639488942724512e+00 1.802161141654885477e-06 2.396621413582342153e-01
2.405450704082700231e+00 1.041606149999098951e+00 1.802133279807050650e-06 2.396594894591575486e-01
2.457349258579102358e+00 1.041576365681876837e+00 1.802108665055592317e-06 2.396571393533072358e-01
2.509247813075504485e+00 1.041550063555530814e+00 1.802087100372981721e-06 2.396550760405167513e-01
2.561146367571906612e+00 1.041527182629669923e+00 1.802068515906620976e-06 2.396532930806452577e-01
2.613044922068308740e+00 1.041507667661189407e+00 1.802052739293952040e-06 2.396517776744498396e-01
2.664943476564710867e+00 1.041491475616459716e+00 1.802039758122153458e-06 2.396505276215375735e-01
2.716842031061112994e+00 1.041478565740546980e+00 1.802029413704790848e-06 2.396495315561560369e-01
2.768740585557515121e+00 1.041468913074802050e+00 1.802021752221132339e-06 2.396487915227752397e-01
2.820639140053917249e+00 1.041462489675067271e+00 1.802016615127598408e-06 2.396482967054681112e-01
2.872537694550319376e+00 1.041459285937025081e+00 1.802014099494678538e-06 2.396480528182951542e-01
