-3.953456878662109375e-03
1.635468006134033203e-02
3.698027133941650391e-02
5.921447277069091797e-02
8.478522300720214844e-02
1.159126758575439453e-01
1.552625894546508789e-01
2.061015367507934570e-01
2.724740505218505859e-01
3.580467700958251953e-01
4.796540737152099609e-01
5.535259246826171875e-01
4.614348411560058594e-01
5.530436038970947266e-01
7.616932392120361328e-01
1.036662817001342773e+00
1.405575394630432129e+00
1.890854954719543457e+00
2.517935276031494141e+00
3.336030960083007812e+00
4.366765975952148438e+00
5.674139022827148438e+00
7.297469139099121094e+00
9.271421432495117188e+00
1.161104679107666016e+01
1.429898166656494141e+01
1.728891372680664062e+01
2.051419830322265625e+01
2.391952896118164062e+01
2.748158645629882812e+01
3.121283340454101562e+01
3.516320037841796875e+01
3.940293121337890625e+01
4.401153564453125000e+01
4.907832336425781250e+01
5.469996261596679688e+01
6.098258972167968750e+01
6.802668762207031250e+01
7.594631958007812500e+01
8.484873962402343750e+01
9.483197021484375000e+01
1.060300903320312500e+02
1.185715103149414062e+02
1.325892181396484375e+02
1.482480926513671875e+02
1.655441436767578125e+02
1.845908050537109375e+02
2.054187316894531250e+02
2.279681549072265625e+02
2.521110687255859375e+02
2.774191284179687500e+02
3.032667541503906250e+02
3.291358947753906250e+02
3.542490844726562500e+02
3.783004150390625000e+02
3.982863159179687500e+02
4.176490478515625000e+02
4.293796997070312500e+02
4.336318969726562500e+02
4.318150024414062500e+02
4.172890014648437500e+02
3.991638183593750000e+02
3.784988708496093750e+02
3.557766723632812500e+02
3.430801391601562500e+02
