7.465839385986328125e-03
2.631950378417968750e-02
4.559493064880371094e-02
6.691861152648925781e-02
9.195327758789062500e-02
1.227203607559204102e-01
1.619467735290527344e-01
2.128326892852783203e-01
2.796317338943481445e-01
3.654192686080932617e-01
4.769048690795898438e-01
6.234267950057983398e-01
9.031767845153808594e-01
1.159292340278625488e+00
1.485826373100280762e+00
1.875515699386596680e+00
2.353488206863403320e+00
3.048871994018554688e+00
3.785919904708862305e+00
4.452606201171875000e+00
3.677420616149902344e+00
5.143354415893554688e+00
7.004368782043457031e+00
7.477840423583984375e+00
9.061081886291503906e+00
1.073467350006103516e+01
1.254930973052978516e+01
1.435015010833740234e+01
1.600760078430175781e+01
1.728195571899414062e+01
1.828850364685058594e+01
1.854605102539062500e+01
2.017303848266601562e+01
1.767820167541503906e+01
1.692899703979492188e+01
-7.344809532165527344e+00
-8.731501579284667969e+00
-6.673275947570800781e+00
-1.810998201370239258e+00
6.478779792785644531e+00
1.157762908935546875e+01
1.664599609375000000e+01
2.214970207214355469e+01
2.796580505371093750e+01
3.312414932250976562e+01
3.711586380004882812e+01
4.145003128051757812e+01
4.634241104125976562e+01
5.186616897583007812e+01
5.810192108154296875e+01
6.513975524902343750e+01
7.308405303955078125e+01
8.205527496337890625e+01
9.218981170654296875e+01
1.036421813964843750e+02
1.165869216918945312e+02
1.312214508056640625e+02
1.477682342529296875e+02
1.664799499511718750e+02
1.876477508544921875e+02
2.116029205322265625e+02
2.386985015869140625e+02
2.693235473632812500e+02
3.039306640625000000e+02
3.430374755859375000e+02
