0.000000000000000000e+00
1.000000000000000194e-01
2.000000000000000389e-01
3.000000000000000999e-01
4.000000000000000777e-01
5.000000000000001110e-01
6.000000000000000888e-01
7.000000000000000666e-01
8.000000000000000444e-01
9.000000000000000222e-01
1.000000000000000000e+00
1.100000000000000089e+00
1.199999999999999956e+00
1.299999999999999822e+00
1.399999999999999911e+00
1.500000000000000000e+00
1.599999999999999867e+00
1.699999999999999956e+00
1.800000000000000044e+00
1.899999999999999911e+00
2.000000000000000000e+00
0.000000000000000000e+00
1.000000000000000194e-01
2.000000000000000389e-01
3.000000000000000999e-01
4.000000000000000777e-01
5.000000000000001110e-01
6.000000000000000888e-01
7.000000000000000666e-01
8.000000000000000444e-01
9.000000000000000222e-01
1.000000000000000000e+00
1.100000000000000089e+00
1.199999999999999956e+00
1.299999999999999822e+00
1.399999999999999911e+00
1.500000000000000000e+00
1.599999999999999867e+00
1.699999999999999956e+00
1.800000000000000044e+00
1.899999999999999911e+00
2.000000000000000000e+00
0.000000000000000000e+00
1.000000000000000194e-01
2.000000000000000389e-01
3.000000000000000999e-01
4.000000000000000777e-01
5.000000000000001110e-01
6.000000000000000888e-01
7.000000000000000666e-01
8.000000000000000444e-01
9.000000000000000222e-01
1.000000000000000000e+00
1.100000000000000089e+00
1.199999999999999956e+00
1.299999999999999822e+00
1.399999999999999911e+00
1.500000000000000000e+00
1.599999999999999867e+00
1.699999999999999956e+00
1.800000000000000044e+00
1.899999999999999911e+00
2.000000000000000000e+00
0.000000000000000000e+00
1.000000000000000194e-01
2.000000000000000389e-01
3.000000000000000999e-01
4.000000000000000777e-01
5.000000000000001110e-01
6.000000000000000888e-01
7.000000000000000666e-01
8.000000000000000444e-01
9.000000000000000222e-01
1.000000000000000000e+00
1.100000000000000089e+00
1.199999999999999956e+00
1.299999999999999822e+00
1.399999999999999911e+00
1.500000000000000000e+00
1.599999999999999867e+00
1.699999999999999956e+00
1.800000000000000044e+00
1.899999999999999911e+00
2.000000000000000000e+00
0.000000000000000000e+00
1.000000000000000194e-01
2.000000000000000389e-01
3.000000000000000999e-01
4.000000000000000777e-01
5.000000000000001110e-01
6.000000000000000888e-01
7.000000000000000666e-01
8.000000000000000444e-01
9.000000000000000222e-01
1.000000000000000000e+00
1.100000000000000089e+00
1.199999999999999956e+00
1.299999999999999822e+00
1.399999999999999911e+00
1.500000000000000000e+00
1.599999999999999867e+00
1.699999999999999956e+00
1.800000000000000044e+00
1.899999999999999911e+00
2.000000000000000000e+00
2.000000000000000000e+01
