-2.332687377929687500e-03
8.524179458618164062e-03
2.008843421936035156e-02
3.309988975524902344e-02
4.879212379455566406e-02
6.895160675048828125e-02
9.588265419006347656e-02
1.322674751281738281e-01
1.809616088867187500e-01
2.447556257247924805e-01
3.260625600814819336e-01
4.265370368957519531e-01
5.471333265304565430e-01
6.906368732452392578e-01
8.679642677307128906e-01
1.098477840423583984e+00
1.408318281173706055e+00
1.863236069679260254e+00
2.526291608810424805e+00
3.334286689758300781e+00
4.349467754364013672e+00
5.684988975524902344e+00
7.303288459777832031e+00
9.263273239135742188e+00
1.161084842681884766e+01
1.430088806152343750e+01
1.728660774230957031e+01
2.051400184631347656e+01
2.391771507263183594e+01
2.747598266601562500e+01
3.121038246154785156e+01
3.516440200805664062e+01
3.939873886108398438e+01
4.400049209594726562e+01
4.907107925415039062e+01
5.469199752807617188e+01
6.096257781982421875e+01
6.801134490966796875e+01
7.592910003662109375e+01
8.481105041503906250e+01
9.479099273681640625e+01
1.059969100952148438e+02
1.185350570678710938e+02
1.325392150878906250e+02
1.481729278564453125e+02
1.654975280761718750e+02
1.845066833496093750e+02
2.053342285156250000e+02
2.279091033935546875e+02
2.520035400390625000e+02
2.773349914550781250e+02
3.031700134277343750e+02
3.290404052734375000e+02
3.541588134765625000e+02
3.782124938964843750e+02
3.982044677734375000e+02
4.175660095214843750e+02
4.292993164062500000e+02
4.336338806152343750e+02
4.317380981445312500e+02
4.172867736816406250e+02
3.991549682617187500e+02
3.784929504394531250e+02
3.557384033203125000e+02
3.430260314941406250e+02
