-4.295706748962402344e-03
1.606142520904541016e-02
3.600871562957763672e-02
5.760812759399414062e-02
8.289325237274169922e-02
1.136285066604614258e-01
1.523486375808715820e-01
2.029179334640502930e-01
2.690852880477905273e-01
3.598896265029907227e-01
2.233285903930664062e-01
2.823411226272583008e-01
3.916865587234497070e-01
5.473990440368652344e-01
7.616449594497680664e-01
1.036693572998046875e+00
1.406790256500244141e+00
1.889638543128967285e+00
2.517314672470092773e+00
3.370432138442993164e+00
4.359687805175781250e+00
5.698361873626708984e+00
7.288559913635253906e+00
9.275549888610839844e+00
1.160270214080810547e+01
1.429691696166992188e+01
1.728512573242187500e+01
2.051185798645019531e+01
2.391773223876953125e+01
2.747897148132324219e+01
3.120999526977539062e+01
3.515908050537109375e+01
3.939714813232421875e+01
4.400364303588867188e+01
4.906779098510742188e+01
5.468538665771484375e+01
6.096323776245117188e+01
6.799983215332031250e+01
7.591123199462890625e+01
8.480799865722656250e+01
9.478665924072265625e+01
1.059798660278320312e+02
1.185075531005859375e+02
1.325128631591796875e+02
1.481671600341796875e+02
1.654513092041015625e+02
1.844868316650390625e+02
2.053186645507812500e+02
2.278513031005859375e+02
2.519892730712890625e+02
2.772894592285156250e+02
3.031356201171875000e+02
3.290024414062500000e+02
3.541182861328125000e+02
3.781735229492187500e+02
3.981600952148437500e+02
4.175384216308593750e+02
4.292847900390625000e+02
4.335455627441406250e+02
4.317446899414062500e+02
4.172459716796875000e+02
3.991244506835937500e+02
3.784591674804687500e+02
3.556986083984375000e+02
3.429790649414062500e+02
