1.902466416358947754e-01
1.748099923133850098e-01
1.696006059646606445e-01
1.727129220962524414e-01
1.840534210205078125e-01
2.047125101089477539e-01
2.366205453872680664e-01
2.826034426689147949e-01
3.465746641159057617e-01
4.335515499114990234e-01
5.495273470878601074e-01
7.020663022994995117e-01
8.999783992767333984e-01
1.153125405311584473e+00
1.466600418090820312e+00
1.850390315055847168e+00
2.350084781646728516e+00
3.000861406326293945e+00
3.574222564697265625e+00
4.469117164611816406e+00
5.514231204986572266e+00
6.613365650177001953e+00
7.986870765686035156e+00
9.612113952636718750e+00
1.160439968109130859e+01
1.397863388061523438e+01
1.681611442565917969e+01
2.012124443054199219e+01
2.376455497741699219e+01
2.760208129882812500e+01
3.148832893371582031e+01
3.542503356933593750e+01
3.964795684814453125e+01
4.428643417358398438e+01
4.938045883178710938e+01
5.505222702026367188e+01
6.148115158081054688e+01
6.855957031250000000e+01
7.655178833007812500e+01
8.549235534667968750e+01
9.549856567382812500e+01
1.067790298461914062e+02
1.194256744384765625e+02
1.335148620605468750e+02
1.491845092773437500e+02
1.665748596191406250e+02
1.857635498046875000e+02
2.067367248535156250e+02
2.293788757324218750e+02
2.534656372070312500e+02
2.786573791503906250e+02
3.044913635253906250e+02
3.303758850097656250e+02
3.555840148925781250e+02
3.792453918457031250e+02
4.003245544433593750e+02
4.175720825195312500e+02
4.294640808105468750e+02
4.343059387207031250e+02
4.302973327636718750e+02
4.167280578613281250e+02
3.978141479492187500e+02
3.772719421386718750e+02
3.540314941406250000e+02
3.429351806640625000e+02
