3.590323777572648062e-03 6.458743541723382942e-01 3.079775026536120072e-04 2.952904848912525631e+04
1.091458428382085025e-02 1.953802793085081202e+00 8.680859940420455889e-03 5.335595155150409482e+03
1.853181521031898107e-02 3.300008653711786533e+00 5.947112057601823543e-02 1.860400523192841547e+03
2.645373537387703602e-02 4.662249347361171914e+00 2.101792970329721955e-01 9.390623070773690415e+02
3.469253234397741414e-02 5.975919008611875860e+00 4.945225497624172184e-01 5.956160336713943479e+02
4.326088119288180878e-02 7.157370565948756536e+00 8.630291329257246957e-01 4.285238507421355507e+02
5.217196399574237919e-02 8.166116211185842744e+00 1.223901200491228192e+00 3.286261230335839514e+02
6.143949011071737215e-02 9.013275721321555523e+00 1.524631145197085758e+00 2.614524476544456206e+02
7.107771727029135733e-02 9.729286376065948261e+00 1.756814559640544449e+00 2.134709622077125459e+02
8.110147351624832912e-02 1.034352433003661886e+01 1.930157253484682922e+00 1.778999191022488731e+02
9.152618001204357312e-02 1.087909513852587473e+01 2.057386774317447653e+00 1.507772537298876898e+02
1.023678747676705914e-01 1.135317475697906886e+01 2.149411081999158313e+00 1.296044873470601431e+02
1.136432373135227158e-01 1.177842060410342206e+01 2.214552935087223062e+00 1.127369246078488487e+02
1.253696143612089142e-01 1.216423905051106757e+01 2.258927240627057742e+00 9.905821530550777254e+01
1.375650464908025894e-01 1.251772128362837044e+01 2.286988310873494079e+00 8.779103259746440813e+01
1.502482959055799761e-01 1.284429817646448591e+01 2.301992700002527314e+00 7.838170162785402795e+01
1.634388752969484770e-01 1.314819359878062066e+01 2.306342439423040513e+00 7.042766336232708113e+01
1.771570778639717236e-01 1.343273989783217104e+01 2.301828507194521478e+00 6.363070134405788281e+01
1.914240085336759156e-01 1.370060006661303298e+01 2.289801320646843052e+00 5.776609502998829271e+01
2.062616164301682153e-01 1.395392642490011781e+01 2.271290258525414885e+00 5.266185137014786477e+01
2.216927286425202648e-01 1.419447561132555435e+01 2.247088123508262480e+00 4.818445066566232526e+01
2.377410853433663818e-01 1.442369308349856816e+01 2.217811534235419213e+00 4.422888719810483593e+01
2.544313763122463268e-01 1.464277601141440854e+01 2.183944722939964223e+00 4.071159439205915476e+01
2.717892789198814718e-01 1.485272062082594147e+01 2.145871820763172622e+00 3.756534142362860962e+01
2.898414976318220426e-01 1.505435816889328038e+01 2.103901109948147941e+00 3.473549949588944941e+01
3.086158050922401808e-01 1.524838247612762387e+01 2.058283654448241240e+00 3.217727451339253975e+01
3.281410848510751266e-01 1.543537108141283198e+01 2.009228009474120835e+00 2.985363168477159590e+01
3.484473758002634702e-01 1.561580149336400325e+01 1.956912236999474697e+00 2.773372254554403327e+01
3.695659183874193121e-01 1.579006359278045046e+01 1.901494140334035521e+00 2.579168184418600873e+01
3.915292026780613499e-01 1.595846893934878707e+01 1.843120426096239495e+00 2.400570051221200174e+01
4.143710183403291891e-01 1.612125751218805547e+01 1.781935373872136852e+00 2.235730776413486964e+01
4.381265066290876420e-01 1.627860224157565128e+01 1.718089522020197490e+00 2.083081424517499158e+01
4.628322144493964840e-01 1.643061154908705745e+01 1.651748849882141990e+00 1.941288167934193254e+01
4.885261505825176376e-01 1.657732999081609648e+01 1.583104944826917659e+00 1.809219441160660935e+01
5.152478441609635862e-01 1.671873698123934560e+01 1.512386683331010673e+00 1.685921577270442384e+01
5.430384054825474482e-01 1.685474345279085284e+01 1.439874026785131989e+00 1.570601815150688196e+01
5.719405892569947580e-01 1.698518616812644666e+01 1.365914632651604066e+00 1.462618062481706538e+01
6.019988603824197870e-01 1.710981923959248974e+01 1.290944103194807457e+00 1.361475237235216440e+01
6.332594623528619016e-01 1.722830221974054155e+01 1.215510817210728733e+00 1.266828411127802489e+01
6.657704884021216074e-01 1.734018391877516052e+01 1.140306362986147404e+00 1.178493334159489159e+01
6.995819554933517814e-01 1.744488092833760007e+01 1.066202490637026212e+00 1.096465164357796063e+01
7.347458812682311491e-01 1.754164982123927174e+01 9.942949617960971098e-01 1.020946176803915506e+01
7.713163640741058646e-01 1.762955246472741067e+01 9.259531572178489878e-01 9.523824689491902973e+00
8.093496661922153779e-01 1.770741544242822840e+01 8.628708491911274425e-01 8.915074307238160856e+00
8.489043003950493826e-01 1.777378818810871053e+01 8.071067886814327075e-01 8.393848222489650013e+00
8.900411199659967743e-01 1.782691094917372610e+01 7.610927406187707467e-01 7.974357413898960800e+00
9.328234123197819416e-01 1.786471200991523034e+01 7.275736321687846786e-01 7.674232451235817543e+00
9.773169963677186267e-01 1.788485692806514038e+01 7.094402966977568781e-01 7.513648800403702310e+00
1.022683003632281373e+00 1.788485692806514038e+01 7.094402966977567671e-01 7.513648800403702310e+00
1.067176587680217947e+00 1.786471200991523034e+01 7.275736321687846786e-01 7.674232451235814878e+00
1.109958880034003226e+00 1.782691094917372965e+01 7.610927406187710798e-01 7.974357413898961688e+00
1.151095699604950617e+00 1.777378818810871763e+01 8.071067886814340397e-01 8.393848222489657118e+00
1.190650333807784733e+00 1.770741544242823551e+01 8.628708491911301071e-01 8.915074307238178619e+00
1.228683635925894357e+00 1.762955246472741777e+01 9.259531572178532066e-01 9.523824689491931395e+00
1.265254118731768962e+00 1.754164982123927885e+01 9.942949617961043263e-01 1.020946176803919592e+01
1.300418044506648219e+00 1.744488092833760007e+01 1.066202490637035760e+00 1.096465164357801214e+01
1.334229511597878393e+00 1.734018391877516052e+01 1.140306362986157396e+00 1.178493334159494488e+01
1.366740537647137987e+00 1.722830221974054155e+01 1.215510817210737837e+00 1.266828411127806753e+01
1.398001139617579991e+00 1.710981923959248618e+01 1.290944103194817671e+00 1.361475237235221236e+01
1.428059410743005131e+00 1.698518616812644311e+01 1.365914632651614058e+00 1.462618062481710979e+01
1.456961594517452330e+00 1.685474345279084929e+01 1.439874026785141314e+00 1.570601815150692104e+01
1.484752155839036414e+00 1.671873698123934560e+01 1.512386683331020665e+00 1.685921577270447003e+01
1.511473849417482640e+00 1.657732999081609293e+01 1.583104944826928095e+00 1.809219441160665198e+01
1.537167785550603627e+00 1.643061154908705390e+01 1.651748849882151760e+00 1.941288167934197162e+01
1.561873493370912414e+00 1.627860224157564772e+01 1.718089522020207038e+00 2.083081424517503422e+01
1.585628981659671144e+00 1.612125751218805192e+01 1.781935373872145512e+00 2.235730776413491228e+01
1.608470797321938761e+00 1.595846893934878175e+01 1.843120426096247932e+00 2.400570051221204082e+01
1.630434081612580632e+00 1.579006359278044336e+01 1.901494140334041294e+00 2.579168184418601939e+01
1.651552624199736474e+00 1.561580149336399970e+01 1.956912236999477361e+00 2.773372254554401906e+01
1.671858915148924929e+00 1.543537108141283021e+01 2.009228009474123056e+00 2.985363168477158879e+01
1.691384194907759486e+00 1.524838247612761677e+01 2.058283654448243460e+00 3.217727451339253975e+01
1.710158502368177791e+00 1.505435816889327327e+01 2.103901109948149717e+00 3.473549949588944230e+01
1.728210721080118528e+00 1.485272062082593081e+01 2.145871820763174842e+00 3.756534142362862383e+01
1.745568623687753673e+00 1.464277601141439789e+01 2.183944722939966887e+00 4.071159439205916897e+01
1.762258914656633646e+00 1.442369308349855750e+01 2.217811534235420545e+00 4.422888719810485725e+01
1.778307271357479902e+00 1.419447561132554014e+01 2.247088123508262925e+00 4.818445066566235369e+01
1.793738383569831729e+00 1.395392642490010360e+01 2.271290258525414441e+00 5.266185137014787188e+01
1.808575991466324195e+00 1.370060006661301877e+01 2.289801320646842608e+00 5.776609502998829981e+01
1.822842922136028276e+00 1.343273989783215150e+01 2.301828507194519258e+00 6.363070134405788991e+01
1.836561124703051551e+00 1.314819359878060290e+01 2.306342439423035628e+00 7.042766336232699587e+01
1.849751704094420024e+00 1.284429817646447169e+01 2.301992700002521985e+00 7.838170162785397110e+01
1.862434953509197744e+00 1.251772128362835623e+01 2.286988310873490526e+00 8.779103259746445076e+01
1.874630385638791141e+00 1.216423905051105692e+01 2.258927240627057742e+00 9.905821530550782938e+01
1.886356762686477229e+00 1.177842060410341141e+01 2.214552935087222174e+00 1.127369246078488914e+02
1.897632125232329603e+00 1.135317475697905465e+01 2.149411081999157425e+00 1.296044873470602568e+02
1.908473819987956510e+00 1.087909513852586052e+01 2.057386774317450762e+00 1.507772537298878888e+02
1.918898526483751699e+00 1.034352433003660465e+01 1.930157253484687363e+00 1.778999191022489299e+02
1.928922282729708559e+00 9.729286376065932274e+00 1.756814559640545559e+00 2.134709622077123470e+02
1.938560509889282635e+00 9.013275721321539535e+00 1.524631145197077764e+00 2.614524476544448248e+02
1.947828036004257690e+00 8.166116211185833862e+00 1.223901200491224861e+00 3.286261230335827008e+02
1.956739118807118150e+00 7.157370565948749430e+00 8.630291329257224753e-01 4.285238507421339591e+02
1.965307467656022711e+00 5.975919008611863426e+00 4.945225497624149424e-01 5.956160336713924153e+02
1.973546264626123037e+00 4.662249347361153262e+00 2.101792970329711685e-01 9.390623070773700647e+02
1.981468184789680897e+00 3.300008653711782980e+00 5.947112057601915136e-02 1.860400523192826995e+03
1.989085415716179028e+00 1.953802793085079870e+00 8.680859940420617218e-03 5.335595155150305800e+03
1.996409676222427265e+00 6.458743541723328541e-01 3.079775026536232829e-04 2.952904848912469242e+04
