7.222960442594282462e-05
8.432055222372778110e-04
2.126797727371090158e-03
3.788727306189967458e-03
5.112481235856221155e-03
8.703114270193747226e-03
1.219643264364310593e-02
1.660712047874451577e-02
2.249033556884371884e-02
2.779011388013594847e-02
3.422185833942656408e-02
3.977842388265327711e-02
4.388910695902453057e-02
4.613329998005580301e-02
4.637233605284129395e-02
4.798576157012892501e-02
6.380179761256017656e-02
7.920884015975290793e-02
9.309459034375741626e-02
1.052463154346708479e-01
1.162203001535907360e-01
1.273791990468649826e-01
1.394371699618474070e-01
1.530954207964035918e-01
1.689662156326284248e-01
1.864658921267010327e-01
2.054370752038508496e-01
2.251679981332438130e-01
2.451363538044819546e-01
2.648832755230188241e-01
2.842820622848423184e-01
3.030864083808603726e-01
3.213723928018263898e-01
3.388858597968970043e-01
3.554182119924558236e-01
3.711399628006262219e-01
3.857677109659176096e-01
3.987612426276035404e-01
4.101274456529065415e-01
4.203389233696180338e-01
4.291650284428252804e-01
4.364809696608305534e-01
4.440075457303431783e-01
4.512973400815919467e-01
4.582987294147237156e-01
4.662772999973611721e-01
4.765573476874673808e-01
4.880770198743409338e-01
4.999328745669293084e-01
5.142316591456931318e-01
5.270346093525741793e-01
5.448435803745479422e-01
5.637067626387135544e-01
5.851196437339799550e-01
6.070019827090664677e-01
6.310930692612023440e-01
6.619348836619655119e-01
6.877134719071602564e-01
7.187539306355880120e-01
7.549791942718760973e-01
8.009362612778566648e-01
8.527297924139947138e-01
8.997863886764352337e-01
9.728006221164884337e-01
1.000000000000000000e+00
1.000000000000000000e+00
1.000000000000000000e+00
1.000000000000000000e+00
1.000000000000000000e+00
1.000000000000000000e+00
