8.871253309256816341e-05
2.776702285797382971e-04
4.911924244802404497e-04
7.324725058478079396e-04
1.005118997793159235e-03
1.313209533691406250e-03
1.176023483276367188e-02
2.770900726318359375e-02
5.025482177734375000e-02
7.998323440551757812e-02
1.171984672546386719e-01
1.625056266784667969e-01
2.176036834716796875e-01
2.856788635253906250e-01
3.717155456542968750e-01
4.826312065124511719e-01
6.273274421691894531e-01
8.167748451232910156e-01
1.063876628875732422e+00
1.382829666137695312e+00
1.787633895874023438e+00
2.289136886596679688e+00
2.890647411346435547e+00
3.582635879516601562e+00
4.338935852050781250e+00
5.116904258728027344e+00
5.863904953002929688e+00
6.529083251953125000e+00
7.075654983520507812e+00
7.488779067993164062e+00
7.775156974792480469e+00
7.956780433654785156e+00
8.061729431152343750e+00
8.116745948791503906e+00
8.142678260803222656e+00
8.153774261474609375e+00
8.159490585327148438e+00
8.176626205444335938e+00
8.370947837829589844e+00
1.220855426788330078e+01
1.357805786132812500e+02
3.430347900390625000e+02
3.430355834960937500e+02
3.430355834960937500e+02
3.430355834960937500e+02
3.430355834960937500e+02
3.430355834960937500e+02
3.430355834960937500e+02
3.430355834960937500e+02
3.430355834960937500e+02
3.430355834960937500e+02
3.430355834960937500e+02
3.430355834960937500e+02
3.430355834960937500e+02
3.430355834960937500e+02
3.430355834960937500e+02
3.430355834960937500e+02
3.430355834960937500e+02
3.430355834960937500e+02
3.430355834960937500e+02
3.430355834960937500e+02
3.430355834960937500e+02
3.430355834960937500e+02
3.430355834960937500e+02
3.430355834960937500e+02
3.430355834960937500e+02
3.430355834960937500e+02
3.430355834960937500e+02
3.430355834960937500e+02
3.430355834960937500e+02
