2.319962382316589355e-01
2.083483338356018066e-01
1.972900331020355225e-01
1.962422728538513184e-01
2.043924927711486816e-01
2.225056886672973633e-01
2.525527477264404297e-01
2.973772883415222168e-01
3.606982827186584473e-01
4.474073350429534912e-01
5.637795329093933105e-01
7.175779342651367188e-01
9.177930951118469238e-01
1.174210667610168457e+00
1.497367262840270996e+00
1.897798299789428711e+00
2.386579275131225586e+00
2.975291490554809570e+00
3.661037445068359375e+00
4.475017070770263672e+00
5.434237957000732422e+00
6.546657562255859375e+00
7.857201576232910156e+00
9.407892227172851562e+00
1.123831176757812500e+01
1.338704681396484375e+01
1.587340259552001953e+01
1.869890975952148438e+01
2.186827659606933594e+01
2.538589096069335938e+01
2.923586082458496094e+01
3.340145492553710938e+01
3.794816207885742188e+01
4.297301101684570312e+01
4.841657638549804688e+01
5.432563400268554688e+01
6.063716506958007812e+01
6.758194732666015625e+01
7.546051025390625000e+01
8.443015289306640625e+01
9.458269500732421875e+01
1.060034561157226562e+02
1.187843933105468750e+02
1.330165557861328125e+02
1.487811126708984375e+02
1.661566772460937500e+02
1.852564086914062500e+02
2.062944793701171875e+02
2.285896911621093750e+02
2.521869049072265625e+02
2.787673339843750000e+02
3.088636474609375000e+02
3.393347473144531250e+02
3.602283325195312500e+02
3.842128295898437500e+02
4.112528686523437500e+02
4.427723388671875000e+02
4.582431030273437500e+02
4.565014953613281250e+02
4.538930664062500000e+02
4.478417663574218750e+02
4.367958068847656250e+02
4.209776000976562500e+02
4.014964904785156250e+02
3.788180847167968750e+02
