4.616698290646276403e-08 1.481573286669374045e+00 2.375892467991325474e-05 2.175883741980535888e+03 5.603110952454659855e+05
9.726125339361094011e-06 8.008150073639138000e+00 1.358786348703989847e-04 2.006397037730183523e-12 1.358786328640019289e-04
2.688430425924759337e-04 2.028350040744167515e+01 3.889816229360604227e-04 7.599843532931075156e-11 3.889815469376250133e-04
2.845652999492240005e-03 3.742304788241153801e+01 8.110145473531972559e-04 1.224936575479734207e-09 8.110133224166215810e-04
1.800695268016029929e-02 5.930304929415528647e+01 1.451931381279810513e-03 1.189080696933004218e-08 1.451919490472841677e-03
8.356388424048678820e-02 8.629742238063940363e+01 2.385923327881292293e-03 8.321084437039322046e-08 2.385840117036921570e-03
3.162231974623512243e-01 1.190541556716802063e+02 3.713191324076948671e-03 4.649043470714309567e-07 3.712726419729877117e-03
1.036818123817894843e+00 1.584544129172161888e+02 5.562750231727659617e-03 2.205405450714945106e-06 5.560544826276943298e-03
3.055886006163639035e+00 2.056549727507578780e+02 8.090068798115255047e-03 9.226697735748846626e-06 8.080842100379508064e-03
8.281666481491223308e+00 2.621885549403272080e+02 1.145691413874650594e-02 3.481515437135341239e-05 1.142209898437514942e-02
2.089942362020046218e+01 3.301030025665568814e+02 1.576580427132257683e-02 1.197001158787444348e-04 1.564610415544383931e-02
4.931522613082551487e+01 4.120514034976163202e+02 2.089974243247846863e-02 3.745574732135543050e-04 2.052518495926490549e-02
1.083375935288700305e+02 5.110505192634296350e+02 2.621948002539925549e-02 1.052977436027104476e-03 2.516650258937214168e-02
2.187894062285292875e+02 6.292926572920771378e+02 3.020115483594082439e-02 2.595089371346522185e-03 2.760606546459430655e-02
3.986412655922522958e+02 7.652769910338432737e+02 3.048036569910483884e-02 5.425404693486593662e-03 2.505496100561822870e-02
6.431800706689829212e+02 9.097251305930356011e+02 2.504000860249638860e-02 9.304423836360658714e-03 1.573558476613576285e-02
9.098013069910193735e+02 1.043851003576328139e+03 1.423010533010410361e-02 1.277859166327631468e-02 1.451513666827775051e-03
1.133664993965594022e+03 1.144686314742003560e+03 1.322069742060533182e-03 1.393021017300911241e-02 -1.260814043094860004e-02
1.267352882719695117e+03 1.195741923141324150e+03 -9.706857623231757159e-03 1.204678578988785387e-02 -2.175364341311961103e-02
1.303120675975945232e+03 1.194001010013558243e+03 -1.671400923040500253e-02 8.098817561545748611e-03 -2.481282679195070950e-02
1.262415029034430745e+03 1.148210775382788597e+03 -1.976688944313495511e-02 3.664253194275171599e-03 -2.343114263741018222e-02
1.174753041467553430e+03 1.072382625912905723e+03 -2.002206942954648516e-02 -1.304705383273208064e-04 -1.989159889121913660e-02
1.064806648207665376e+03 9.801686493709682964e+02 -1.870588787090370075e-02 -2.855141911851710734e-03 -1.585074595905199002e-02
9.490553216552058302e+02 8.821663319365180769e+02 -1.670498231640089870e-02 -4.543401533547902771e-03 -1.216158078285298899e-02
8.370127352121861577e+02 7.854718389992269749e+02 -1.454527019575571622e-02 -5.418658121724220789e-03 -9.126612074031498906e-03
7.334553603718363775e+02 6.942729194319150565e+02 -1.249510063790242043e-02 -5.729675670702288892e-03 -6.765424967200138473e-03
6.402913033666168303e+02 6.106854737704298941e+02 -1.066851443855468956e-02 -5.683541901409627783e-03 -4.984972537145060043e-03
5.578271038369830421e+02 5.354867156331408751e+02 -9.096951371460819391e-03 -5.431446872247183699e-03 -3.665504499213611406e-03
4.855454106641017802e+02 4.686546320767649831e+02 -7.772008558475873574e-03 -5.075580484805497505e-03 -2.696428073670383008e-03
4.225550368555293517e+02 4.097292848067460795e+02 -6.668756873363414217e-03 -4.681326233075974730e-03 -1.987430640287438620e-03
3.678395826677228229e+02 3.580401706538372082e+02 -5.757586958620622419e-03 -4.288548184166116051e-03 -1.469038774454509838e-03
3.203878666767275263e+02 3.128421901889578294e+02 -5.009762216339832402e-03 -3.920276784567602174e-03 -1.089485431772229361e-03
2.792571565766007780e+02 2.733927345217969105e+02 -4.399695227885525028e-03 -3.588838176451347034e-03 -8.108570514341771271e-04
2.435992595968553474e+02 2.389923222301447083e+02 -3.905603276555202896e-03 -3.299972191897950630e-03 -6.056310846572511824e-04
2.126667857191705764e+02 2.090034176748870323e+02 -3.509415700858799919e-03 -3.055512547659807940e-03 -4.539031531989926298e-04
1.858093802534400822e+02 1.828566397941806088e+02 -3.196376878130418112e-03 -2.855090217137550360e-03 -3.412866609928694867e-04
1.624653688005783749e+02 1.600500091482399512e+02 -2.954560968788802824e-03 -2.697192743230526768e-03 -2.573682255582748096e-04
1.421517657763988041e+02 1.401446197280342290e+02 -2.774396750865286334e-03 -2.579806779476174605e-03 -1.945899713891122173e-04
1.244541860302093141e+02 1.227587181794748830e+02 -2.648241549291492029e-03 -2.500794149153924215e-03 -1.474474001375681935e-04
1.090174091400113099e+02 1.075613162280539115e+02 -2.570014462125060246e-03 -2.458098694257758628e-03 -1.119157678673021066e-04
9.553691172686922073e+01 9.426594701326840209e+01 -2.534885902420939800e-03 -2.449845818463162669e-03 -8.504008395777696823e-05
8.375145119348968592e+01 8.262487151523477280e+01 -2.539015074629344740e-03 -2.474373437246548194e-03 -6.464163738279754914e-05
7.343666643941934069e+01 7.242386499709499503e+01 -2.579325317714252844e-03 -2.530217956167497145e-03 -4.910736154675447870e-05
6.439960673536019442e+01 6.347761446645021977e+01 -2.653307183341887393e-03 -2.616069063393631003e-03 -3.723811994825563122e-05
5.647408012811914091e+01 5.562570533260964822e+01 -2.758839620429894002e-03 -2.730700633605131003e-03 -2.813898682476435398e-05
4.951671105686167351e+01 4.872914967240476614e+01 -2.894020173178406263e-03 -2.872880623372009792e-03 -2.113954980639441098e-05
4.340360404604989952e+01 4.266739830375268383e+01 -3.056995394181617753e-03 -3.041259641616649717e-03 -1.573575256497226470e-05
3.802752128778698193e+01 3.733577729639247167e+01 -3.245782562969277973e-03 -3.234235311488527914e-03 -1.154725148074734874e-05
3.329549389169336138e+01 3.264329252511021195e+01 -3.458073145562536727e-03 -3.449787157075202837e-03 -8.285988487331233301e-06
2.912679816285350753e+01 2.851075099970804061e+01 -3.691007063616906503e-03 -3.685274164031093064e-03 -5.732899585807584367e-06
2.545123882217948008e+01 2.486915362603511070e+01 -3.940904511922405790e-03 -3.937183974952584292e-03 -3.720536969833423621e-06
2.220769037675070479e+01 2.165832002067145012e+01 -4.202938377686822602e-03 -4.200818389899566019e-03 -2.119987787251541560e-06
1.934285586810731061e+01 1.882571164441501210e+01 -4.470724652303401103e-03 -4.469893755438526795e-03 -8.308968648732244916e-07
1.681020907333897441e+01 1.632542468093842203e+01 -4.735799611426387556e-03 -4.736025918133150714e-03 2.263067067578990697e-07
1.456909205648190841e+01 1.411732873990775339e+01 -4.986939445824692396e-03 -4.988056132680766808e-03 1.116686856086717122e-06
1.258394493757525012e+01 1.216633165836248054e+01 -5.209258092582796928e-03 -5.211154272315665636e-03 1.896179732856564937e-06
1.082364904429744357e+01 1.044175450815148309e+01 -5.382988643365553549e-03 -5.385605285000795439e-03 2.616641635247256552e-06
9.260968427992734675e+00 8.916804521241267878e+00 -5.481807555640288987e-03 -5.485138746474688132e-03 3.331190834386188546e-06
7.872078277954576819e+00 7.568137171692731258e+00 -5.470491474290170575e-03 -5.474592124361424283e-03 4.100650071272790576e-06
6.636172325301374464e+00 6.375502262910105244e+00 -5.301594475802251516e-03 -5.306596748813285913e-03 5.002273011024585114e-06
5.535145279916328320e+00 5.321472689115272381e+00 -4.910691012207396566e-03 -4.916833664065090037e-03 6.142651857702090181e-06
4.553351348253124264e+00 4.391258567705152771e+00 -4.209552287843573715e-03 -4.217230324337906122e-03 7.678036494333491738e-06
3.677447261526884503e+00 3.572613315623953234e+00 -3.076469489383698575e-03 -3.086317299830027006e-03 9.847810446325503710e-06
2.896341217924027323e+00 2.855840810336002011e+00 -1.343038668534760061e-03 -1.356070339680132131e-03 1.303167114536014394e-05
2.201297022894312061e+00 2.233911407474905797e+00 1.222128169724015501e-03 1.204278145852291648e-03 1.785002387174927695e-05
1.586316615797262797e+00 1.702685001229839790e+00 4.927436301889909220e-03 4.902095521867363970e-03 2.534078002251006828e-05
1.049155739047472391e+00 1.261219919499543263e+00 1.014686242349208123e-02 1.010962122059387569e-02 3.724120289823345696e-05
5.940772361094553977e-01 9.121435664054458048e-01 1.719731298156098459e-02 1.714112829328000992e-02 5.618468828096675593e-05
2.391287832368425015e-01 6.622263885658464799e-01 2.585008097277679412e-02 2.576582896328481753e-02 8.425200949197333457e-05
2.877779172360445115e-02 5.242082038320832194e-01 3.420443699543822269e-02 -2.175849653018037316e+03 -5.603110951062325621e+05
