1.502200476154184341e+07 7.231207098375835000e+14 -3.568843531271964312e+08 -1.086170427455649376e+10 9.051422673198902607e+08 -1.176684654187638474e+10 -2.639856734276097412e+11 -6.797921942520775781e+13
1.502104506889254972e+07 1.855170157345895703e+13 3.148828626610768437e+08 -3.148828626610768437e+08 2.549563110954542822e+02 -3.148831176173879504e+08 -3.731057679121934090e-01 3.148828630341826081e+08
1.502013534731693752e+07 1.699844555205510010e+12 3.260239024818261713e+07 -3.260239024818261713e+07 2.880831899031869625e+02 -3.260267833137252182e+07 -8.059274246983983980e-01 3.260239105411003903e+07
1.501908421489766613e+07 2.962728982544880981e+11 6.420848511237936094e+06 -6.420848511237938888e+06 3.255112227295753087e+02 -6.421174022460668348e+06 -1.517510519050625950e+00 6.420850028748455457e+06
1.501779187402294762e+07 7.418808176042550659e+10 1.816549250335553195e+06 -1.816549250335550867e+06 3.677960314725777948e+02 -1.816917046367023373e+06 -2.597399832008731480e+00 1.816551847735384712e+06
1.501595778033359349e+07 2.326073870543273926e+10 6.433131882078545168e+05 -6.433131882078537019e+05 4.155587579954317903e+02 -6.437287469658491900e+05 -4.163751432058092838e+00 6.433173519592869561e+05
1.501273177033062652e+07 8.478164092254616737e+09 2.646610021854427177e+05 -2.646610021854421357e+05 4.694805122401805306e+02 -2.651304826976823388e+05 -6.367819448705942520e+00 2.646673700048914179e+05
1.500588384403142333e+07 3.439969547485887051e+09 1.210297834784833249e+05 -1.210297834784829174e+05 5.302709899750661862e+02 -1.215600544684579800e+05 -9.383337216745763598e+00 1.210391668157000095e+05
1.498994901897808909e+07 1.513190062136864662e+09 5.982525480839026568e+04 -5.982525480838934163e+04 5.985699185132591538e+02 -6.042382472690260329e+04 -1.336866853938254707e+01 5.983862347692965704e+04
1.495236167790670507e+07 7.100632662587717772e+08 3.136514333663439174e+04 -3.136514333663356592e+04 6.746879730390452323e+02 -3.203983130967261241e+04 -1.837575957283014816e+01 3.138351909620722290e+04
1.486614344297333062e+07 3.522124827189696431e+08 1.720075936630957949e+04 -1.720075936630856086e+04 7.580012773120579368e+02 -1.795876064362061879e+04 -2.418437614095638821e+01 1.722494374245053768e+04
1.467818969972497784e+07 1.839645422246881127e+08 9.753758753202104344e+03 -9.753758753200992942e+03 8.457121269938578507e+02 -1.059947088019485091e+04 -3.010516759710318979e+01 9.783863920799207335e+03
1.429635225696809404e+07 1.011582130428693444e+08 5.655325861921279284e+03 -5.655325861920092393e+03 9.307943661175098669e+02 -6.586120228037601919e+03 -3.497101000140240501e+01 5.690296871922681021e+03
1.359007600685148872e+07 5.863264947723653167e+07 3.313829383952112948e+03 -3.313829383950891042e+03 9.998361490439714316e+02 -4.313665532994862588e+03 -3.767760726291544415e+01 3.351506991215028393e+03
1.243265019342392869e+07 3.580068830731211603e+07 1.942708519525084739e+03 -1.942708519523924679e+03 1.033591923007367313e+03 -2.976300442531291992e+03 -3.813491201965118194e+01 1.980843431544735267e+03
1.079504629724164121e+07 2.290305316589388996e+07 1.137460946504217645e+03 -1.137460946503161722e+03 1.014117658836695227e+03 -2.151578605339856949e+03 -3.723916907602421134e+01 1.174700115580241345e+03
8.825502362919472158e+06 1.518877159409897588e+07 6.754956833786002335e+02 -6.754956833777099519e+02 9.368751396823435016e+02 -1.612370823060053453e+03 -3.503812015627261189e+01 7.105338035348731864e+02
6.807971086557969451e+06 1.031123573819110543e+07 4.202364024293485727e+02 -4.202364024286083577e+02 8.166546241153879464e+02 -1.236891026543996304e+03 -2.982689466969293335e+01 4.500632970990413924e+02
5.011554927477922291e+06 7.092570358996906318e+06 2.820814107964954474e+02 -2.820814107958968862e+02 6.793157142490822480e+02 -9.613971250449791341e+02 -2.041101923244769978e+01 3.024924300289434314e+02
3.575461280791744124e+06 4.914093290707088076e+06 2.050401050362116848e+02 -2.050401050357266968e+02 5.476583191909979860e+02 -7.526984242267246827e+02 -8.138536478777155025e+00 2.131786415149884988e+02
2.508315933554824907e+06 3.422102062395885587e+06 1.581614415081957077e+02 -1.581614415077900162e+02 4.341484853918028080e+02 -5.923099268995928242e+02 4.155846191290436309e+00 1.540055953169053282e+02
1.749163240987596102e+06 2.395106294652487151e+06 1.263364674086957393e+02 -1.263364674083564978e+02 3.421092672695083365e+02 -4.684457346778648343e+02 1.420230039615603346e+01 1.121341670125397059e+02
1.221006897239984479e+06 1.685929577010426437e+06 1.027528017698577969e+02 -1.027528017695679523e+02 2.698553654844830021e+02 -3.726081672540509544e+02 2.109953220387126294e+01 8.165326956598653396e+01
8.566447020678272238e+05 1.194403156516854884e+06 8.435243277991509103e+01 -8.435243277966617370e+01 2.139400618858301186e+02 -2.982924946654962923e+02 2.499972447920004015e+01 5.935270830071502246e+01
6.053093381913463818e+05 8.520541307750517735e+05 6.963343560862375625e+01 -6.963343560840340274e+01 1.708233368687706957e+02 -2.404567724771740984e+02 2.653537683493874511e+01 4.309805877368503957e+01
4.311442005968632875e+05 6.121676089996482478e+05 5.772753436604455146e+01 -5.772753436585406916e+01 1.374899073893858201e+02 -1.952174417552398893e+02 2.641947829928545843e+01 3.130805606675910724e+01
3.096033741184014943e+05 4.429318707211147412e+05 4.804516578488824052e+01 -4.804516578471827870e+01 1.115661378929317209e+02 -1.596113036776499996e+02 2.526083464509221699e+01 2.278433113979598090e+01
2.240923171500250173e+05 3.226764836735762656e+05 4.014323120667486933e+01 -4.014323120652295529e+01 9.124984281136980258e+01 -1.313930740178927579e+02 2.351446600886947635e+01 1.662876519780530771e+01
1.634175007928724226e+05 2.365989885608384793e+05 3.367323456128221437e+01 -3.367323456114732494e+01 7.519382296579303215e+01 -1.088670575269403571e+02 2.149345813787513748e+01 1.217977642340711242e+01
1.200030483951185888e+05 1.745409197797836096e+05 2.835699640075824846e+01 -2.835699640064080995e+01 6.239565140719518865e+01 -9.075264780783599861e+01 1.940006672638668306e+01 8.956929674371600925e+00
8.868844598927479819e+04 1.294886188161044411e+05 2.397190185146814656e+01 -2.397190185136258123e+01 5.210837541373675919e+01 -7.608027726509934041e+01 1.735725157189429524e+01 6.614650279573854874e+00
6.593020894492382649e+04 9.656616141501606035e+04 2.033997049982842498e+01 -2.033997049973387305e+01 4.377270484052348110e+01 -6.411267534025735415e+01 1.543429103460856311e+01 4.905679465219835222e+00
4.927392393709332100e+04 7.235875154063948139e+04 1.731904779478402645e+01 -1.731904779470260536e+01 3.696702693020500163e+01 -5.428607472490760699e+01 1.366559299184268639e+01 3.653454802941331181e+00
3.700437303256825544e+04 5.445682219042921497e+04 1.479558700242415625e+01 -1.479558700235201840e+01 3.137103656448549671e+01 -4.616662356683751511e+01 1.206374306364551785e+01 2.731843938778634850e+00
2.791239244116261398e+04 4.114736626096211694e+04 1.267877657087178989e+01 -1.267877657080816078e+01 2.673937947568355611e+01 -3.941815604649171689e+01 1.062822559877827189e+01 2.050550972093531321e+00
2.113836360540535316e+04 3.120367336428264753e+04 1.089581825202542120e+01 -1.089581825197050691e+01 2.288253153714591193e+01 -3.377834978911641883e+01 9.351093414536805426e+00 1.544724837488621105e+00
1.606626281356766776e+04 2.374111045270645263e+04 9.388169276475444747e+00 -9.388169276427039023e+00 1.965287156505931421e+01 -2.904104084148635323e+01 8.220565682644462413e+00 1.167603593830985442e+00
1.225130152739965524e+04 1.811747449305298142e+04 8.108573480226922925e+00 -8.108573480184833926e+00 1.693447827817190188e+01 -2.504305175835673580e+01 7.223253898575009657e+00 8.853195816519154882e-01
9.370065703419229976e+03 1.386362273178161740e+04 7.018726084093600548e+00 -7.018726084057142600e+00 1.463560474404556189e+01 -2.165433082810270449e+01 6.345496282002208943e+00 6.732298020913813907e-01
7.185855640232290170e+03 1.063481645250974361e+04 6.087440640364974342e+00 -6.087440640332715702e+00 1.268308688930654782e+01 -1.877052752963926352e+01 5.574122032220572009e+00 5.133186081444052196e-01
5.524386432963355219e+03 8.176340055758259041e+03 5.289210456840407915e+00 -5.289210456813462358e+00 1.101815742083848626e+01 -1.630736787765194862e+01 4.896856877175125078e+00 3.923535796652852792e-01
4.256612437751929065e+03 6.299032149548028428e+03 4.603078271263189691e+00 -4.603078271239605002e+00 9.593287857606608071e+00 -1.419636612884621307e+01 4.302507246897185667e+00 3.005710243660018044e-01
3.286492518581164404e+03 4.861750308533590214e+03 4.011746163062611004e+00 -4.011746163042321456e+00 8.369788002563820939e+00 -1.238153416560614239e+01 3.781011312182997131e+00 2.307348508796198683e-01
2.542210533919879254e+03 3.758721559306611198e+03 3.500872568660312822e+00 -3.500872568642688698e+00 7.315967497366238526e+00 -1.081684006600892722e+01 3.323412985475187043e+00 1.774595831851241146e-01
1.969831539165033973e+03 2.910359987375359196e+03 3.058515129339756555e+00 -3.058515129324533177e+00 6.405717526378500892e+00 -9.464232655703034069e+00 2.921794112277204647e+00 1.367210170625527965e-01
1.528688128033466228e+03 2.256561603248306255e+03 2.674687411827481043e+00 -2.674687411814797855e+00 5.617408838034650742e+00 -8.292096249849448597e+00 2.569186629791794019e+00 1.055007820356869130e-01
1.188004639462639943e+03 1.751780811273548579e+03 2.341004778620305871e+00 -2.341004778609263148e+00 4.933029590554361299e+00 -7.274034369163624447e+00 2.259477859562027291e+00 8.152691905827724739e-02
9.244130938307087035e+02 1.361396176992620440e+03 2.050400277306136942e+00 -2.050400277296776430e+00 4.337506271897003884e+00 -6.387906549193780315e+00 1.987316634546751004e+00 6.308364275938591059e-02
7.201156593597921756e+02 1.059014751223945268e+03 1.796895726963080975e+00 -1.796895726955076711e+00 3.818165295456182662e+00 -5.615061022411259373e+00 1.748024527023881447e+00 4.887119993920166494e-02
5.615187167004139610e+02 8.244634489522396734e+02 1.575416497663750803e+00 -1.575416497657055714e+00 3.364303374543411884e+00 -4.939719872200467599e+00 1.537514318751869169e+00 3.790217891188263355e-02
4.382128774726339202e+02 6.422860266398801059e+02 1.381641037596386568e+00 -1.381641037590653376e+00 2.966842513028509210e+00 -4.348483550619162585e+00 1.352216570311211896e+00 2.942446728517110477e-02
3.422081364011725668e+02 5.006139679171620855e+02 1.211878182359827250e+00 -1.211878182355008882e+00 2.618051181323858057e+00 -3.829929363678866938e+00 1.189014400522472314e+00 2.286378183735605918e-02
2.673581124466837196e+02 3.903151710147739664e+02 1.062966823874328171e+00 -1.062966823870360233e+00 2.311317519572063439e+00 -3.374284343442423673e+00 1.045186186589594612e+00 1.778063728473290583e-02
2.089250782352210365e+02 3.043499293025808470e+02 9.321937333574350504e-01 -9.321937333541510107e-01 2.040963611606282591e+00 -2.973157344960433601e+00 9.183557207519106313e-01 1.383801260552432882e-02
1.632502650837629119e+02 2.372822187679755075e+02 8.172263141978257650e-01 -8.172263141951408016e-01 1.802092282946923696e+00 -2.619318597142064498e+00 8.064493386723938784e-01 1.077697552543279563e-02
1.275032023776899450e+02 1.849077839253275499e+02 7.160578838682383207e-01 -7.160578838659896750e-01 1.590459695363395154e+00 -2.306517579229384829e+00 7.076596332686442281e-01 8.398250599594127286e-03
9.949061009467335737e+01 1.439703729615281134e+02 6.269638230368035359e-01 -6.269638230349847685e-01 1.402368385995371058e+00 -2.029332209030355827e+00 6.204155797024437646e-01 6.548243334359250822e-03
7.751031861835660663e+01 1.119447223375575078e+02 5.484676655038462911e-01 -5.484676655023972280e-01 1.234576438483744765e+00 -1.783044103986141993e+00 5.433592474850628129e-01 5.108418018783898035e-03
6.023934089212112752e+01 8.687024802852519656e+01 4.793170369000341324e-01 -4.793170368988375341e-01 1.084219258219856652e+00 -1.563536295118694186e+00 4.753298266122314431e-01 3.987210287802789993e-03
4.664792486077637079e+01 6.722337876369560661e+01 4.184704286725255962e-01 -4.184704286715548172e-01 9.487410195291070547e-01 -1.367211448200661872e+00 4.153565629734585762e-01 3.113865699066667783e-03
3.593342477301550275e+01 5.181943622594339871e+01 3.650973359316296296e-01 -3.650973359308804511e-01 8.258333247697662305e-01 -1.190930660700646682e+00 3.626635818352492713e-01 2.433754096380465887e-03
2.746933351253204592e+01 3.973719692715962992e+01 3.185966230593713089e-01 -3.185966230588004322e-01 7.133790619428039825e-01 -1.031975685001604415e+00 3.166917899499555045e-01 1.904833109415761047e-03
2.076595185220456941e+01 3.026095718963085446e+01 2.786415599552827249e-01 -2.786415599548721644e-01 6.094001016765042689e-01 -8.880416616313764333e-01 2.771465216939137388e-01 1.495038261369038141e-03
1.544004435973997147e+01 2.283621238568111877e+01 2.452651775557330716e-01 -2.452651775554028912e-01 5.120090847142887425e-01 -7.572742622696916337e-01 2.440846974421175819e-01 1.180480113615318787e-03
1.119156359228957776e+01 1.703606645283050725e+01 2.190055607538754501e-01 -2.190055607536449123e-01 4.193709403048805906e-01 -6.383765010585255029e-01 2.180611029351691155e-01 9.444578187068155585e-04
7.786349277418473491e+00 1.253630580141188844e+01 2.011294401106482610e-01 -2.011294401104741780e-01 3.297007167878719391e-01 -5.308301568983461172e-01 2.003519531135877774e-01 7.774869970602073764e-04
5.045402645328771030e+00 9.097832783093148024e+00 1.939009737571227854e-01 -1.939009737570059067e-01 2.414127949569467024e-01 -4.353137687139526091e-01 1.932222614346973399e-01 6.787123224254883701e-04
2.846675820652739830e+00 6.556160237148131564e+00 2.005656004246214597e-01 -2.005656004245466861e-01 1.539149868494890105e-01 -3.544805872740356967e-01 1.999074860914857310e-01 6.581143331357041434e-04
1.160274004359620026e+00 4.819771505044010418e+00 2.235850676554894112e-01 -2.235850676554326788e-01 7.088949827539840765e-02 -2.944745659308311003e-01 2.228544632168186768e-01 7.306044386707629497e-04
1.421627950276997676e-01 3.884396559105713020e+00 2.583632249398120639e-01 -2.583632249397921354e-01 9.814896798372751627e-03 -2.681781217381649096e-01 2.639856734277096558e+11 1.968836401608155866e+05
