%      J   y/delta        y+         U+          uu+         vv+         ww+         uv+
     1  0.0000E+00  0.0000E+00  2.9866E-11  3.8706E-23  1.4346E-25  1.4095E-25 -9.7228E-26
     2  3.0118E-04  5.4213E-02  5.3270E-02  3.7498E-04  6.3033E-10  1.0870E-04 -1.1058E-07
     3  1.2045E-03  2.1682E-01  2.1295E-01  5.9859E-03  1.5418E-07  1.6736E-03 -7.1460E-06
     4  2.7095E-03  4.8772E-01  4.7865E-01  3.0203E-02  3.6651E-06  7.9549E-03 -8.2642E-05
     5  4.8153E-03  8.6675E-01  8.4964E-01  9.5074E-02  3.2998E-05  2.3066E-02 -4.7295E-04
     6  7.5205E-03  1.3537E+00  1.3247E+00  2.3088E-01  1.7255E-04  5.0566E-02 -1.8355E-03
     7  1.0823E-02  1.9482E+00  1.9016E+00  4.7451E-01  6.3483E-04  9.2318E-02 -5.5330E-03
     8  1.4722E-02  2.6500E+00  2.5759E+00  8.6446E-01  1.8231E-03  1.4796E-01 -1.3866E-02
     9  1.9215E-02  3.4586E+00  3.3397E+00  1.4297E+00  4.3541E-03  2.1516E-01 -2.9980E-02
    10  2.4298E-02  4.3736E+00  4.1800E+00  2.1732E+00  9.0222E-03  2.9045E-01 -5.7214E-02
    11  2.9969E-02  5.3944E+00  5.0774E+00  3.0582E+00  1.6714E-02  3.7036E-01 -9.7924E-02
    12  3.6224E-02  6.5203E+00  6.0069E+00  4.0081E+00  2.8305E-02  4.5220E-01 -1.5234E-01
    13  4.3060E-02  7.7507E+00  6.9403E+00  4.9247E+00  4.4563E-02  5.3419E-01 -2.1808E-01
    14  5.0472E-02  9.0849E+00  7.8502E+00  5.7164E+00  6.6068E-02  6.1515E-01 -2.9069E-01
    15  5.8456E-02  1.0522E+01  8.7133E+00  6.3208E+00  9.3139E-02  6.9398E-01 -3.6486E-01
    16  6.7007E-02  1.2061E+01  9.5130E+00  6.7130E+00  1.2577E-01  7.6949E-01 -4.3571E-01
    17  7.6120E-02  1.3702E+01  1.0240E+01  6.8998E+00  1.6360E-01  8.4040E-01 -4.9967E-01
    18  8.5790E-02  1.5442E+01  1.0892E+01  6.9082E+00  2.0591E-01  9.0548E-01 -5.5471E-01
    19  9.6011E-02  1.7282E+01  1.1470E+01  6.7744E+00  2.5168E-01  9.6356E-01 -6.0011E-01
    20  1.0678E-01  1.9220E+01  1.1980E+01  6.5363E+00  2.9972E-01  1.0137E+00 -6.3611E-01
    21  1.1808E-01  2.1254E+01  1.2430E+01  6.2292E+00  3.4872E-01  1.0555E+00 -6.6350E-01
    22  1.2991E-01  2.3384E+01  1.2825E+01  5.8825E+00  3.9742E-01  1.0894E+00 -6.8336E-01
    23  1.4227E-01  2.5609E+01  1.3174E+01  5.5192E+00  4.4470E-01  1.1160E+00 -6.9684E-01
    24  1.5515E-01  2.7926E+01  1.3484E+01  5.1563E+00  4.8959E-01  1.1367E+00 -7.0497E-01
    25  1.6853E-01  3.0335E+01  1.3759E+01  4.8046E+00  5.3123E-01  1.1529E+00 -7.0858E-01
    26  1.8242E-01  3.2835E+01  1.4007E+01  4.4709E+00  5.6889E-01  1.1652E+00 -7.0841E-01
    27  1.9679E-01  3.5423E+01  1.4232E+01  4.1590E+00  6.0199E-01  1.1731E+00 -7.0514E-01
    28  2.1165E-01  3.8098E+01  1.4438E+01  3.8710E+00  6.3016E-01  1.1766E+00 -6.9937E-01
    29  2.2699E-01  4.0858E+01  1.4628E+01  3.6078E+00  6.5329E-01  1.1755E+00 -6.9152E-01
    30  2.4279E-01  4.3702E+01  1.4806E+01  3.3692E+00  6.7143E-01  1.1701E+00 -6.8186E-01
    31  2.5905E-01  4.6629E+01  1.4974E+01  3.1537E+00  6.8471E-01  1.1604E+00 -6.7070E-01
    32  2.7575E-01  4.9636E+01  1.5133E+01  2.9592E+00  6.9344E-01  1.1464E+00 -6.5830E-01
    33  2.9289E-01  5.2721E+01  1.5286E+01  2.7833E+00  6.9799E-01  1.1288E+00 -6.4490E-01
    34  3.1046E-01  5.5883E+01  1.5432E+01  2.6245E+00  6.9876E-01  1.1075E+00 -6.3066E-01
    35  3.2844E-01  5.9119E+01  1.5574E+01  2.4813E+00  6.9618E-01  1.0829E+00 -6.1566E-01
    36  3.4683E-01  6.2429E+01  1.5711E+01  2.3523E+00  6.9064E-01  1.0560E+00 -5.9996E-01
    37  3.6561E-01  6.5809E+01  1.5844E+01  2.2355E+00  6.8250E-01  1.0284E+00 -5.8364E-01
    38  3.8477E-01  6.9258E+01  1.5974E+01  2.1295E+00  6.7211E-01  1.0002E+00 -5.6673E-01
    39  4.0430E-01  7.2774E+01  1.6101E+01  2.0322E+00  6.5982E-01  9.7094E-01 -5.4907E-01
    40  4.2419E-01  7.6355E+01  1.6226E+01  1.9417E+00  6.4604E-01  9.4019E-01 -5.3067E-01
    41  4.4443E-01  7.9997E+01  1.6348E+01  1.8576E+00  6.3111E-01  9.0849E-01 -5.1166E-01
    42  4.6500E-01  8.3700E+01  1.6467E+01  1.7788E+00  6.1532E-01  8.7620E-01 -4.9233E-01
    43  4.8590E-01  8.7462E+01  1.6583E+01  1.7045E+00  5.9895E-01  8.4315E-01 -4.7291E-01
    44  5.0710E-01  9.1278E+01  1.6696E+01  1.6340E+00  5.8224E-01  8.0949E-01 -4.5342E-01
    45  5.2860E-01  9.5149E+01  1.6805E+01  1.5660E+00  5.6541E-01  7.7611E-01 -4.3371E-01
    46  5.5039E-01  9.9070E+01  1.6911E+01  1.4995E+00  5.4867E-01  7.4358E-01 -4.1369E-01
    47  5.7244E-01  1.0304E+02  1.7014E+01  1.4338E+00  5.3223E-01  7.1193E-01 -3.9331E-01
    48  5.9476E-01  1.0706E+02  1.7113E+01  1.3691E+00  5.1630E-01  6.8115E-01 -3.7263E-01
    49  6.1732E-01  1.1112E+02  1.7209E+01  1.3048E+00  5.0107E-01  6.5139E-01 -3.5170E-01
    50  6.4010E-01  1.1522E+02  1.7301E+01  1.2409E+00  4.8664E-01  6.2245E-01 -3.3052E-01
    51  6.6311E-01  1.1936E+02  1.7389E+01  1.1780E+00  4.7296E-01  5.9412E-01 -3.0898E-01
    52  6.8632E-01  1.2354E+02  1.7474E+01  1.1165E+00  4.5994E-01  5.6691E-01 -2.8705E-01
    53  7.0972E-01  1.2775E+02  1.7555E+01  1.0567E+00  4.4751E-01  5.4158E-01 -2.6490E-01
    54  7.3329E-01  1.3199E+02  1.7632E+01  9.9863E-01  4.3568E-01  5.1809E-01 -2.4271E-01
    55  7.5702E-01  1.3626E+02  1.7705E+01  9.4279E-01  4.2444E-01  4.9631E-01 -2.2058E-01
    56  7.8090E-01  1.4056E+02  1.7771E+01  8.8957E-01  4.1387E-01  4.7640E-01 -1.9855E-01
    57  8.0491E-01  1.4488E+02  1.7832E+01  8.3943E-01  4.0412E-01  4.5816E-01 -1.7655E-01
    58  8.2904E-01  1.4923E+02  1.7887E+01  7.9285E-01  3.9537E-01  4.4143E-01 -1.5452E-01
    59  8.5327E-01  1.5359E+02  1.7936E+01  7.5044E-01  3.8785E-01  4.2619E-01 -1.3239E-01
    60  8.7759E-01  1.5797E+02  1.7978E+01  7.1328E-01  3.8166E-01  4.1238E-01 -1.1018E-01
    61  9.0198E-01  1.6236E+02  1.8013E+01  6.8207E-01  3.7677E-01  4.0018E-01 -8.8025E-02
    62  9.2644E-01  1.6676E+02  1.8040E+01  6.5732E-01  3.7308E-01  3.8992E-01 -6.5955E-02
    63  9.5093E-01  1.7117E+02  1.8060E+01  6.3951E-01  3.7051E-01  3.8200E-01 -4.3953E-02
    64  9.7546E-01  1.7558E+02  1.8072E+01  6.2874E-01  3.6902E-01  3.7695E-01 -2.1989E-02
    65  1.0000E+00  1.8000E+02  1.8076E+01  6.2508E-01  3.6855E-01  3.7519E-01  0.0000E+00
