0.000000000000000000e+00
7.180647555145296124e-03
1.464852101249640264e-02
2.241510940814155778e-02
3.049236133961251774e-02
3.889270334834231402e-02
4.762905903742130354e-02
5.671486895406345485e-02
6.616411126737128945e-02
7.599132327321143909e-02
8.621162375928520527e-02
9.684073626480191321e-02
1.078950132705392834e-01
1.193914613565061622e-01
1.313477673659116940e-01
1.437823256156934570e-01
1.567142661954664951e-01
1.701634843984304590e-01
1.841506713295129882e-01
1.986973457378388153e-01
2.138258871224976709e-01
2.295595701625428586e-01
2.459226005241899049e-01
2.629401521003028042e-01
2.806384057394601950e-01
2.990445895241838903e-01
3.181870206602965268e-01
3.380951490418537264e-01
3.587996025586732141e-01
3.803322342161654102e-01
4.027261711399573452e-01
4.260158655407009776e-01
4.502371477174743064e-01
4.754272811813186062e-01
5.016250199837166690e-01
5.288706683382106144e-01
5.572061426268843931e-01
5.866750358871051230e-01
6.173226848777345621e-01
6.491962398279892410e-01
6.823447369762540848e-01
7.168191740104494780e-01
7.526725885260128202e-01
7.899601396221986871e-01
8.287391927622320686e-01
8.690694080278666966e-01
9.110128319041267408e-01
9.546339927354371424e-01
1.000000000000000000e+00
1.045366007264562747e+00
1.088987168095873148e+00
1.130930591972133303e+00
1.171260807237767931e+00
1.210039860377801313e+00
1.247327411473987180e+00
1.283180825989550522e+00
1.317655263023745915e+00
1.350803760172010648e+00
1.382677315122265327e+00
1.413324964112894877e+00
1.442793857373115607e+00
1.471129331661789497e+00
1.498374980016283331e+00
1.524572718818681505e+00
1.549762852282525749e+00
1.573984134459299078e+00
1.597273828860042766e+00
1.619667765783834534e+00
1.641200397441326730e+00
1.661904850958146218e+00
1.681812979339703418e+00
1.700955410475815999e+00
1.719361594260539805e+00
1.737059847899697251e+00
1.754077399475810095e+00
1.770440429837457197e+00
1.786174112877502385e+00
1.801302654262161074e+00
1.815849328670487095e+00
1.829836515601569458e+00
1.843285733804533422e+00
1.856217674384306626e+00
1.868652232634088417e+00
1.880608538643493866e+00
1.892104986729460814e+00
1.903159263735198170e+00
1.913788376240714850e+00
1.924008676726788547e+00
1.933835888732628794e+00
1.943285131045936476e+00
1.952370940962578683e+00
1.961107296651657617e+00
1.969507638660387583e+00
1.977584890591858491e+00
1.985351478987503526e+00
1.992819352444854752e+00
2.000000000000000000e+00
0.000000000000000000e+00
7.180647555145296124e-03
1.464852101249640264e-02
2.241510940814155778e-02
3.049236133961251774e-02
3.889270334834231402e-02
4.762905903742130354e-02
5.671486895406345485e-02
6.616411126737128945e-02
7.599132327321143909e-02
8.621162375928520527e-02
9.684073626480191321e-02
1.078950132705392834e-01
1.193914613565061622e-01
1.313477673659116940e-01
1.437823256156934570e-01
1.567142661954664951e-01
1.701634843984304590e-01
1.841506713295129882e-01
1.986973457378388153e-01
2.138258871224976709e-01
2.295595701625428586e-01
2.459226005241899049e-01
2.629401521003028042e-01
2.806384057394601950e-01
2.990445895241838903e-01
3.181870206602965268e-01
3.380951490418537264e-01
3.587996025586732141e-01
3.803322342161654102e-01
4.027261711399573452e-01
4.260158655407009776e-01
4.502371477174743064e-01
4.754272811813186062e-01
5.016250199837166690e-01
5.288706683382106144e-01
5.572061426268843931e-01
5.866750358871051230e-01
6.173226848777345621e-01
6.491962398279892410e-01
6.823447369762540848e-01
7.168191740104494780e-01
7.526725885260128202e-01
7.899601396221986871e-01
8.287391927622320686e-01
8.690694080278666966e-01
9.110128319041267408e-01
9.546339927354371424e-01
1.000000000000000000e+00
1.045366007264562747e+00
1.088987168095873148e+00
1.130930591972133303e+00
1.171260807237767931e+00
1.210039860377801313e+00
1.247327411473987180e+00
1.283180825989550522e+00
1.317655263023745915e+00
1.350803760172010648e+00
1.382677315122265327e+00
1.413324964112894877e+00
1.442793857373115607e+00
1.471129331661789497e+00
1.498374980016283331e+00
1.524572718818681505e+00
1.549762852282525749e+00
1.573984134459299078e+00
1.597273828860042766e+00
1.619667765783834534e+00
1.641200397441326730e+00
1.661904850958146218e+00
1.681812979339703418e+00
1.700955410475815999e+00
1.719361594260539805e+00
1.737059847899697251e+00
1.754077399475810095e+00
1.770440429837457197e+00
1.786174112877502385e+00
1.801302654262161074e+00
1.815849328670487095e+00
1.829836515601569458e+00
1.843285733804533422e+00
1.856217674384306626e+00
1.868652232634088417e+00
1.880608538643493866e+00
1.892104986729460814e+00
1.903159263735198170e+00
1.913788376240714850e+00
1.924008676726788547e+00
1.933835888732628794e+00
1.943285131045936476e+00
1.952370940962578683e+00
1.961107296651657617e+00
1.969507638660387583e+00
1.977584890591858491e+00
1.985351478987503526e+00
1.992819352444854752e+00
2.000000000000000000e+00
9.600000000000000000e+01
