1.020133009910083712e-03 5.607413868199966345e-01 2.221824536352933323e-04 2.394160697072268196e+00 -1.017868398835364387e-06
3.142009670523057512e-03 1.724609248972597930e+00 6.383377429964885719e-03 1.213139397777798401e+01 -1.654968770877301651e-04
5.433636463985069484e-03 2.976618930774983962e+00 4.644158424437849764e-02 2.941907727081974855e+01 -3.576823084318705905e-03
7.908593400924044184e-03 4.306900298462116083e+00 1.777247432714683106e-01 5.370130154309428860e+01 -2.766653538408155380e-02
1.058154689281813610e-02 5.660999180406118825e+00 4.584951472942129236e-01 8.345106627805138544e+01 -1.077998731764717721e-01
1.346833666406375453e-02 6.936650807453306200e+00 8.691487160202571172e-01 1.094349131678559388e+02 -2.496751555257934185e-01
1.658606961700902216e-02 8.054903529123786043e+00 1.303598591184950362e+00 1.217533710927306032e+02 -4.042447592515520660e-01
1.995322120618991252e-02 9.004405187711503444e+00 1.678306733350435120e+00 1.207662773534270713e+02 -5.312384388332556107e-01
2.358974492250527286e-02 9.811162547863215622e+00 1.971832025045615389e+00 1.122276896627141127e+02 -6.245529311058614086e-01
2.751719053612586632e-02 1.050645235717346537e+01 2.193635215046596976e+00 1.008610493068816254e+02 -6.913966144611438658e-01
3.175883179883610963e-02 1.111608296117337602e+01 2.359615557071859993e+00 8.921128150205151996e+01 -7.394732617426607035e-01
3.633980436256316338e-02 1.165941682856187889e+01 2.483722050630781553e+00 7.837943795179280926e+01 -7.743935384749378592e-01
4.128725473138838975e-02 1.215069244795411763e+01 2.576487509571785850e+00 6.873151500175815443e+01 -7.999269792268403068e-01
4.663050112971962868e-02 1.260043478979513409e+01 2.645498207639112032e+00 6.030365793175262468e+01 -8.185813790776714782e-01
5.240120723991737589e-02 1.301653230441160858e+01 2.696154215292040579e+00 5.300059514777822045e+01 -8.320439679460801541e-01
5.863356983893093510e-02 1.340499457688899554e+01 2.732307499324920119e+00 4.668595320633387757e+01 -8.414690886283916482e-01
6.536452144586558932e-02 1.377047511108983180e+01 2.756725466314351003e+00 4.122087357646172734e+01 -8.476596257679133162e-01
7.263394918135501754e-02 1.411663298662563193e+01 2.771412304419174966e+00 3.647891876248976217e+01 -8.511816575999974210e-01
8.048493113568358504e-02 1.444638583045422209e+01 2.777828903969002283e+00 3.235046327035370695e+01 -8.524379486250927007e-01
8.896399164635845902e-02 1.476208927922105474e+01 2.777043599011583375e+00 2.874265386797340582e+01 -8.517159267122534905e-01
9.812137699788731071e-02 1.506566618076357500e+01 2.769836329341641701e+00 2.557769756175483877e+01 -8.492195993029607592e-01
1.080113531775384605e-01 1.535870093254662905e+01 2.756771415348760357e+00 2.279069537572764403e+01 -8.450911684274856617e-01
1.186925274515616968e-01 1.564250924950696842e+01 2.738249033023858470e+00 2.032753139990218472e+01 -8.394259066813307690e-01
1.302281956675068186e-01 1.591819032369859777e+01 2.714542094911576164e+00 1.814300461618505977e+01 -8.322825366485663290e-01
1.426867173407275480e-01 1.618666614382873092e+01 2.685823033170963825e+00 1.619924880883026574e+01 -8.236905516255583759e-01
1.561419207478059179e-01 1.644871127654966969e+01 2.652183540967440134e+00 1.446442689931034664e+01 -8.136554162807637658e-01
1.706735404274505874e-01 1.670497541517770657e+01 2.613649389572218595e+00 1.291166508636939625e+01 -8.021622705416033838e-01
1.863676896814668305e-01 1.695600031121353268e+01 2.570191828022964309e+00 1.151818800129495557e+01 -7.891785572308731567e-01
2.033173708758043430e-01 1.720223221391416502e+01 2.521736681151936832e+00 1.026461880477191890e+01 -7.746558613263637705e-01
2.216230265656888854e-01 1.744403058372981263e+01 2.468172023206323118e+00 9.134413216132909241e+00 -7.585311604834082955e-01
2.413931347107641789e-01 1.768167356954612757e+01 2.409355178994680990e+00 8.113401879778367132e+00 -7.407276268094266092e-01
2.627448515074455315e-01 1.791536051370044191e+01 2.345119772911835820e+00 7.189420431305137527e+00 -7.211550788831411207e-01
2.858047056478613124e-01 1.814521154642532963e+01 2.275283604179333174e+00 6.352010868597790072e+00 -6.997101543132732138e-01
3.107093481195104534e-01 1.837126412927611696e+01 2.199658284480678461e+00 5.592181338898472909e+00 -6.762762525529935065e-01
3.376063619888914347e-01 1.859346618028551035e+01 2.118061858494995064e+00 4.902214288495708949e+00 -6.507232823412331113e-01
3.666551369678229255e-01 1.881166513049174682e+01 2.030336086821018515e+00 4.275515171656953939e+00 -6.229072358669807130e-01
3.980278139450689201e-01 1.902559187639717209e+01 1.936370783925866812e+00 3.706495646990869197e+00 -5.926696006796973171e-01
4.319103050804946609e-01 1.923483803357998667e+01 1.836138698339238706e+00 3.190486434182948194e+00 -5.598366086767796457e-01
4.685033955067544054e-01 1.943882404272068598e+01 1.729746100037002909e+00 2.723675749806492519e+00 -5.242183076777952033e-01
5.080239331671150271e-01 1.963675432430993695e+01 1.617506817236784133e+00 2.303069439512724248e+00 -4.856074262902442817e-01
5.507061138403044342e-01 1.982755346611213909e+01 1.500051424287793811e+00 1.926468542818568164e+00 -4.437780011772918254e-01
5.968028689673489096e-01 2.000977376055827150e+01 1.378489297521720447e+00 1.592459219108534052e+00 -3.984838135992793684e-01
6.465873645045570051e-01 2.018145838945729764e+01 1.254649998408689848e+00 1.300409533339190071e+00 -3.494570871519530053e-01
7.003546196847418859e-01 2.033993531062222715e+01 1.131441394457785243e+00 1.050470134619124085e+00 -2.964094163708250185e-01
7.584232552793415127e-01 2.048150579980481112e+01 1.013368422952309444e+00 8.435881751226369518e-01 -2.390413249095762194e-01
8.211373817215090742e-01 2.060099113751705602e+01 9.072289385734393363e-01 6.815813061517931315e-01 -1.770743567285496811e-01
8.888686382790500495e-01 2.069115877097508616e+01 8.228498990954679071e-01 5.674100002624048456e-01 -1.103072154618216089e-01
9.620183953611942673e-01 2.074226364843377368e+01 7.732844027039587065e-01 5.059681100670441189e-01 -3.785604080631847779e-02
1.037981604638805733e+00 2.074226364843377723e+01 7.732844027039629253e-01 5.059681100670482268e-01 3.785604080631555651e-02
1.111131361720949950e+00 2.069115877097508616e+01 8.228498990954800085e-01 5.674100002624171690e-01 1.103072154618285061e-01
1.178862618278490926e+00 2.060099113751704891e+01 9.072289385734588762e-01 6.815813061518147808e-01 1.770743567285516518e-01
1.241576744720658487e+00 2.048150579980481112e+01 1.013368422952334535e+00 8.435881751226674830e-01 2.390413249095795223e-01
1.299645380315258114e+00 2.033993531062222004e+01 1.131441394457816330e+00 1.050470134619165830e+00 2.964094163708357876e-01
1.353412635495442995e+00 2.018145838945729054e+01 1.254649998408725597e+00 1.300409533339243806e+00 3.494570871519647182e-01
1.403197131032650979e+00 2.000977376055825729e+01 1.378489297521758639e+00 1.592459219108597113e+00 3.984838135993071240e-01
1.449293886159695788e+00 1.982755346611212133e+01 1.500051424287835111e+00 1.926468542818644325e+00 4.437780011773076461e-01
1.491976066832884973e+00 1.963675432430991918e+01 1.617506817236826544e+00 2.303069439512809957e+00 4.856074262902576044e-01
1.531496604493245428e+00 1.943882404272066822e+01 1.729746100037044876e+00 2.723675749806584445e+00 5.242183076778004214e-01
1.568089694919505117e+00 1.923483803357996891e+01 1.836138698339281561e+00 3.190486434183051223e+00 5.598366086767742056e-01
1.601972186054931191e+00 1.902559187639715432e+01 1.936370783925912775e+00 3.706495646990991766e+00 5.926696006797108618e-01
1.633344863032176963e+00 1.881166513049172195e+01 2.030336086821065589e+00 4.275515171657089830e+00 6.229072358670044718e-01
1.662393638011108621e+00 1.859346618028548193e+01 2.118061858495043026e+00 4.902214288495858163e+00 6.507232823412427702e-01
1.689290651880489547e+00 1.837126412927608854e+01 2.199658284480728199e+00 5.592181338898640774e+00 6.762762525530171542e-01
1.714195294352138355e+00 1.814521154642530121e+01 2.275283604179382468e+00 6.352010868597969484e+00 6.997101543132838719e-01
1.737255148492554468e+00 1.791536051370040994e+01 2.345119772911885558e+00 7.189420431305335590e+00 7.211550788831708747e-01
1.758606865289235710e+00 1.768167356954608493e+01 2.409355178994726288e+00 8.113401879778562531e+00 7.407276268094654670e-01
1.778376973434311115e+00 1.744403058372976290e+01 2.468172023206361754e+00 9.134413216133085101e+00 7.585311604834106269e-01
1.796682629124195518e+00 1.720223221391412238e+01 2.521736681151968806e+00 1.026461880477207345e+01 7.746558613263498927e-01
1.813632310318533225e+00 1.695600031121349360e+01 2.570191828022996727e+00 1.151818800129512965e+01 7.891785572308609442e-01
1.829326459572549357e+00 1.670497541517767104e+01 2.613649389572254567e+00 1.291166508636961829e+01 8.021622705416118215e-01
1.843858079252194138e+00 1.644871127654962706e+01 2.652183540967481434e+00 1.446442689931063263e+01 8.136554162807828616e-01
1.857313282659272424e+00 1.618666614382868474e+01 2.685823033171006902e+00 1.619924880883059615e+01 8.236905516255818016e-01
1.869771804332493126e+00 1.591819032369855158e+01 2.714542094911617021e+00 1.814300461618539373e+01 8.322825366485803178e-01
1.881307472548438220e+00 1.564250924950692223e+01 2.738249033023897105e+00 2.032753139990251867e+01 8.394259066813331005e-01
1.891988646822461595e+00 1.535870093254658464e+01 2.756771415348794996e+00 2.279069537572796733e+01 8.450911684274985403e-01
1.901878623002112523e+00 1.506566618076353059e+01 2.769836329341672787e+00 2.557769756175514431e+01 8.492195993029639789e-01
1.911036008353641513e+00 1.476208927922101211e+01 2.777043599011610908e+00 2.874265386797369004e+01 8.517159267122480504e-01
1.919515068864316554e+00 1.444638583045417768e+01 2.777828903969029817e+00 3.235046327035405511e+01 8.524379486251029148e-01
1.927366050818644982e+00 1.411663298662558752e+01 2.771412304419204276e+00 3.647891876249017429e+01 8.511816576000182932e-01
1.934635478554134203e+00 1.377047511108979094e+01 2.756725466314374540e+00 4.122087357646198313e+01 8.476596257679142044e-01
1.941366430161069134e+00 1.340499457688895113e+01 2.732307499324946320e+00 4.668595320633427548e+01 8.414690886283968663e-01
1.947598792760082631e+00 1.301653230441155884e+01 2.696154215292070777e+00 5.300059514777885994e+01 8.320439679461000271e-01
1.953369498870280330e+00 1.260043478979508791e+01 2.645498207639142674e+00 6.030365793175323574e+01 8.185813790776933496e-01
1.958712745268611499e+00 1.215069244795406966e+01 2.576487509571808499e+00 6.873151500175853812e+01 7.999269792268458579e-01
1.963660195637436878e+00 1.165941682856182560e+01 2.483722050630795319e+00 7.837943795179303663e+01 7.743935384749266460e-01
1.968241168201164015e+00 1.111608296117332983e+01 2.359615557071885306e+00 8.921128150205225893e+01 7.394732617426817978e-01
1.972482809463873998e+00 1.050645235717342985e+01 2.193635215046628062e+00 1.008610493068825633e+02 6.913966144611511933e-01
1.976410255077494682e+00 9.811162547863190753e+00 1.971832025045641590e+00 1.122276896627145959e+02 6.245529311058628519e-01
1.980046778793810081e+00 9.004405187711476799e+00 1.678306733350464874e+00 1.207662773534282650e+02 5.312384388332653806e-01
1.983413930382990964e+00 8.054903529123768280e+00 1.303598591184988553e+00 1.217533710927332606e+02 4.042447592515608368e-01
1.986531663335936226e+00 6.936650807453311529e+00 8.691487160203146267e-01 1.094349131678620495e+02 2.496751555258217570e-01
1.989418453107181683e+00 5.660999180406102838e+00 4.584951472942443429e-01 8.345106627805567712e+01 1.077998731764791135e-01
1.992091406599076020e+00 4.306900298462087662e+00 1.777247432714798570e-01 5.370130154309634207e+01 2.766653538408236218e-02
1.994566363536015130e+00 2.976618930774940885e+00 4.644158424438150912e-02 2.941907727082085344e+01 3.576823084319081039e-03
1.996857990329476973e+00 1.724609248972584163e+00 6.383377429965985533e-03 1.213139397777942818e+01 1.654968770877387845e-04
1.998979866990089782e+00 5.607413868200102902e-01 2.221824536353649438e-04 2.394160697072652777e+00 1.017868398835419656e-06
