9.164214901428114019e-05 4.446871979121043150e-01 8.531322690269289662e-07 1.831876171917933598e+07 -2.259518352971078554e-10
2.886727693949855652e-04 1.400623352440219183e+00 2.663548828450008313e-04 1.012044788891836884e+06 -1.276734943947919874e-06
5.152579828327955936e-04 2.499639542624256361e+00 6.592653233330103904e-03 1.838207002631489595e+05 -1.737731250120545324e-04
7.758309782862771046e-04 3.760592433250791622e+00 4.933225905168416719e-02 5.962587499789108551e+04 -3.969848984991177811e-03
1.075489923057780821e-03 5.184092676438674552e+00 2.034334236509156846e-01 2.730095408794423565e+04 -3.411239625325975661e-02
1.420097709545009926e-03 6.692880614308922560e+00 5.603280623423128048e-01 1.584632580465405408e+04 -1.419480044592832946e-01
1.816396664005323451e-03 8.117095803668975762e+00 1.079989866267458076e+00 1.051470358812444829e+04 -3.257522995654796305e-01
2.272140461634684222e-03 9.340107994028958416e+00 1.584582199763187482e+00 7.409580812649322070e+03 -5.012034742141746602e-01
2.796245828908448978e-03 1.036257890634100320e+01 1.978632129747044166e+00 5.404675757354645611e+03 -6.268404167746585154e-01
3.398967001273278492e-03 1.122838366614895378e+01 2.265361217585039277e+00 4.051860380878564683e+03 -7.112303609715935337e-01
4.092096349492832172e-03 1.197855924890840207e+01 2.473128311106898014e+00 3.109773560163473121e+03 -7.690441706588643234e-01
4.889195099945320075e-03 1.264333866903020542e+01 2.626747768668620697e+00 2.434796413136367846e+03 -8.102118521379118032e-01
5.805858662965679429e-03 1.324407682422195975e+01 2.743497775669795136e+00 1.938608228887664836e+03 -8.407285189993404240e-01
6.860021760439092772e-03 1.379596743644171397e+01 2.834715259543174604e+00 1.565474511301861412e+03 -8.642160998051680032e-01
8.072309322533520459e-03 1.431004872095925329e+01 2.907728199583755835e+00 1.279263221774349859e+03 -8.829093640243732555e-01
9.466440018942109610e-03 1.479452934223626137e+01 2.967247921891841944e+00 1.055906689664469923e+03 -8.982101458933996474e-01
1.106969031981198774e-02 1.525564658997897638e+01 3.016273690864241352e+00 8.789544332677646707e+02 -9.109982230519723112e-01
1.291342816581234586e-02 1.569822384715697083e+01 3.056673995379186604e+00 7.368942178820143454e+02 -9.218114335977705132e-01
1.503372668871276116e-02 1.612603719539678693e+01 3.089570760488248524e+00 6.214996949309258980e+02 -9.309560579077007514e-01
1.747206999004823763e-02 1.654206111439429705e+01 3.115605561636415555e+00 5.267855838505901147e+02 -9.385801279840637612e-01
2.027616478658402985e-02 1.694863834982614748e+01 3.135132684337416542e+00 4.483299087305538819e+02 -9.447268600666340888e-01
2.350087380260019315e-02 1.734760359703686206e+01 3.148361443522536884e+00 3.828225954372560977e+02 -9.493766291278712410e-01
2.720928917101878702e-02 1.774038051704070540e+01 3.155456247920476631e+00 3.277565701934815365e+02 -9.524807566233208789e-01
3.147396684470016304e-02 1.812806420100843496e+01 3.156595598994216711e+00 2.812106812500796877e+02 -9.539874258178326905e-01
3.637834616943375066e-02 1.851149522278547366e+01 3.151989895231169569e+00 2.416936551938949549e+02 -9.538586093013254885e-01
4.201838239287736254e-02 1.889132655835891228e+01 3.141861865938599063e+00 2.080304172783122567e+02 -9.520767378698309358e-01
4.850442404983753425e-02 1.926808130581106226e+01 3.126400531033757701e+00 1.792793493037449650e+02 -9.486408642044525941e-01
5.596337195534172027e-02 1.964219790642053809e+01 3.105705735509581622e+00 1.546730258887880325e+02 -9.435539918485806865e-01
6.454116204667152690e-02 2.001406056890251506e+01 3.079741166967585819e+00 1.335767930891998958e+02 -9.368052839758874706e-01
7.440562065170081008e-02 2.038401505067287189e+01 3.048307634858950621e+00 1.154602970584970478e+02 -9.283519570105598362e-01
8.574974804748450308e-02 2.075237241458419390e+01 3.011038096369119010e+00 9.987766211682307471e+01 -9.181050584900898315e-01
9.879549455263572644e-02 2.111940459365801104e+01 2.967407112627562960e+00 8.645294141251717690e+01 -9.059212047630439413e-01
1.137981030335596389e-01 2.148533517604753129e+01 2.916744370451647139e+00 7.486864309164222675e+01 -8.915997472385808198e-01
1.310511027866221312e-01 2.185032725891086614e+01 2.858244600409461711e+00 6.485619648368400192e+01 -8.748829670190982899e-01
1.508920525026439807e-01 2.221446831257027910e+01 2.790971363929012572e+00 5.618789095166798830e+01 -8.554564398503996525e-01
1.737091446760691549e-01 2.257775030312317455e+01 2.713856465793484940e+00 4.867009419443090223e+01 -8.329474900304567608e-01
1.999488006755080760e-01 2.294004194801063434e+01 2.625699108132008686e+00 4.213760699804936394e+01 -8.069208977003511363e-01
2.301244050748628145e-01 2.330104862393075749e+01 2.525170373475636332e+00 3.644900091490455196e+01 -7.768719603238408711e-01
2.648263501341207582e-01 2.366025351724320203e+01 2.410831087597806288e+00 3.148279229651542366e+01 -7.422173023811714510e-01
3.047335869522674323e-01 2.401683026414309197e+01 2.281176637574702237e+00 2.713434622941689867e+01 -7.022836054716390386e-01
3.506269092931361131e-01 2.436951126983333538e+01 2.134733777130158661e+00 2.331347899121890421e+01 -6.562939783115484538e-01
4.034042299851350322e-01 2.471638466502802700e+01 1.970257368251250529e+00 1.994285915227954575e+01 -6.033510311745663435e-01
4.640981487809338613e-01 2.505457090000972897e+01 1.787121396956277142e+00 1.695756525199342590e+01 -5.424145446024218886e-01
5.338961553961024675e-01 2.537968400508949074e+01 1.586095269568623456e+00 1.430671996471405727e+01 -4.722688877371371552e-01
6.141638630035464175e-01 2.568487785138796653e+01 1.370904399219368575e+00 1.195943548927098909e+01 -3.914716354656272990e-01
7.064717267521067878e-01 2.595902685287022038e+01 1.151421046827576289e+00 9.920453760625303374e+00 -2.982985965859162869e-01
8.126257700629513359e-01 2.618303984892000003e+01 9.501118771479174496e-01 8.267493542135371243e+00 -1.909710452526826308e-01
9.347029198704224218e-01 2.632293628614631942e+01 8.128247198988275413e-01 7.225100076864539922e+00 -6.664256269933867272e-02
1.065297080129577578e+00 2.632295787367031181e+01 8.128287661642257245e-01 7.225125899231803928e+00 6.660071246895114816e-02
1.187374229937048664e+00 2.618311177058413719e+01 9.501232950748365047e-01 8.267568519002859162e+00 1.909098889763528595e-01
1.293528273247893212e+00 2.595916730429448904e+01 1.151438458098355655e+00 9.920577226043867825e+00 2.982007253770839750e-01
1.385836136996453583e+00 2.568511320008041920e+01 1.370926710391851877e+00 1.195961663788420815e+01 3.913201900153615020e-01
1.466103844603897421e+00 2.538004644353906869e+01 1.586121634530269997e+00 1.430698065351554504e+01 4.720488577612181325e-01
1.535901851219066305e+00 2.505509534023475027e+01 1.787151077429572466e+00 1.695794466072563722e+01 5.421150802061398544e-01
1.596595770014864968e+00 2.471710567443524553e+01 1.970289637822136175e+00 1.994342184102224635e+01 6.029668549908581143e-01
1.649373090706863998e+00 2.437046020004008895e+01 2.134767870433397441e+00 2.331432717546831768e+01 6.558260378104637800e-01
1.695266413047732623e+00 2.401803276759529737e+01 2.281211768916952209e+00 2.713563772877423474e+01 7.017388880444428434e-01
1.735173649865879186e+00 2.366172762339493474e+01 2.410866561720138357e+00 3.148476637478353624e+01 7.416081032125987349e-01
1.769875594925137019e+00 2.330280329612872592e+01 2.525205865986197562e+00 3.645201573480867552e+01 7.762149916097919045e-01
1.800051199324491868e+00 2.294207599151040711e+01 2.625735199932258457e+00 4.214219434171996426e+01 8.062365204731948287e-01
1.826290855323930984e+00 2.258005143033769357e+01 2.713895540898687120e+00 4.867704021381964452e+01 8.322592724214504800e-01
1.849107947497356186e+00 2.221701217312319088e+01 2.791019002457643783e+00 5.619835660376739384e+01 8.547912082005099110e-01
1.868948897213377869e+00 2.185307619738822638e+01 2.858311702196079107e+00 6.487190068205785565e+01 8.742717060504988646e-01
1.886201896966440472e+00 2.148823630547945740e+01 2.916850612491539430e+00 7.489215385458268770e+01 8.910801645799683035e-01
1.901204505447364079e+00 2.112238635669427822e+01 2.967587297776046906e+00 8.648817707361108376e+01 9.055433709153091204e-01
1.914250251952515525e+00 2.075533814969921664e+01 3.011354683406436639e+00 9.993083468263606051e+01 9.179417857232751166e-01
1.925594379348299245e+00 2.038683141731606341e+01 3.048874739978264081e+00 1.155417694092300849e+02 9.285148608859936648e-01
1.935458837953328626e+00 2.001653850440733962e+01 3.080765897662787189e+00 1.337046420081913993e+02 9.374654720000699104e-01
1.944036628044658155e+00 1.964406469259312971e+01 3.107549484457650557e+00 1.548793272906811467e+02 9.449635110984280217e-01
1.951495575950162431e+00 1.926894470042008578e+01 3.129654694228269474e+00 1.796200049207119491e+02 9.511486453939210772e-01
1.957981617607122526e+00 1.889063555068405265e+01 3.147421635954492203e+00 2.085984292940965474e+02 9.561322106343379534e-01
1.963621653830566416e+00 1.850850570166655729e+01 3.161101958921974209e+00 2.426341556968048963e+02 9.599981779747739363e-01
1.968526033155299837e+00 1.812182003561667543e+01 3.170856432510775758e+00 2.827342150668677050e+02 9.628031091708099121e-01
1.972790710828981275e+00 1.772971993603643170e+01 3.176748696966987584e+00 3.301457861561341360e+02 9.645749821012030711e-01
1.976499126197399647e+00 1.733119721374666611e+01 3.178734159250647728e+00 3.864269993692696517e+02 9.653106998638927294e-01
1.979723835213415883e+00 1.692506000277719025e+01 3.176642593194773490e+00 4.535434182543110069e+02 9.649719550983190119e-01
1.982527930009951866e+00 1.650988786483441473e+01 3.170152263874658427e+00 5.340014613453620314e+02 9.634788633945640113e-01
1.984966273311287166e+00 1.608397209655973725e+01 3.158752119932392244e+00 6.310358386569357663e+02 9.607003517850859486e-01
1.987086571834187687e+00 1.564523542590594296e+01 3.141686487365725977e+00 7.488773172854541826e+02 9.564396078000190204e-01
1.988930309680188024e+00 1.519112257049914483e+01 3.117873298841174368e+00 8.931420961554888436e+02 9.504118099835648925e-01
1.990533559981057854e+00 1.471844893882981964e+01 3.085781449739216864e+00 1.071408780139430974e+03 9.422095773227221471e-01
1.991927690677466334e+00 1.422318814055885916e+01 3.043244117882821786e+00 1.294090518759849829e+03 9.312485184465248977e-01
1.993139978239561128e+00 1.370016841030753874e+01 2.987170807935379369e+00 1.575781020364516053e+03 9.166798232724122641e-01
1.994194141337034321e+00 1.314263119593281992e+01 2.913098854405026916e+00 1.937376498905197195e+03 8.972469029580125710e-01
1.995110804900054768e+00 1.254157896338747236e+01 2.814494031850749867e+00 2.409490698040496227e+03 8.710447465658719413e-01
1.995907903650507187e+00 1.188480234015362846e+01 2.681681260330418315e+00 3.038052783191874369e+03 8.351077406794598090e-01
1.996601032998726710e+00 1.115544281756384137e+01 2.500331664262202214e+00 3.893609813773599853e+03 7.847012476060035713e-01
1.997203754171091639e+00 1.033000966858702974e+01 2.249870260979966563e+00 5.086926692900347007e+03 7.121766135488230010e-01
1.997727859538365180e+00 9.376391430705238506e+00 1.904220075939069945e+00 6.795864112142863632e+03 6.057350632483221586e-01
1.998183603335994540e+00 8.255549230297264174e+00 1.444462044451858995e+00 9.320265237277610140e+03 4.521716537985387419e-01
1.998579902290454902e+00 6.941404698368872417e+00 9.048557409758622994e-01 1.326365389901876915e+04 2.600331024517801848e-01
1.998924510076942163e+00 5.479369687102815689e+00 4.264470903876565466e-01 2.034435316041290207e+04 9.618556003820886990e-02
1.999224169021713848e+00 4.014138519220797008e+00 1.444268131764435970e-01 3.641292639639684785e+04 1.992042633715550293e-02
1.999484742017167083e+00 2.675372521017791438e+00 3.333246993821478710e-02 8.285324606602272252e+04 2.077904919395042946e-03
1.999711327230605074e+00 1.499692593668371376e+00 4.150068740961884543e-03 2.661695816966358107e+05 8.095124811043727007e-05
1.999908357850985752e+00 4.761617685088957441e-01 1.398380207071341801e-04 1.569859422250402393e+06 4.627304292360116317e-07
