0.000000000000000000e+00 7.049612015367979545e+00 1.154759742577179793e+01 1.603762810175199860e+01 1.938076938363302304e+01 2.254036803554553714e+01 2.563110109260096081e+01 2.534714485649989157e+01
1.000000000000000000e+00 6.993763105460844898e+00 1.153617779873141913e+01 1.603716634232746685e+01 1.938150788811149994e+01 2.254397105685218961e+01 2.565180067846133127e+01 2.536506068303573613e+01
2.000000000000000000e+00 7.020626347488817309e+00 1.153540873334788941e+01 1.603714444350731227e+01 1.938172072764246678e+01 2.254489292200729977e+01 2.565680909389376652e+01 2.536919216435649815e+01
3.000000000000000000e+00 7.009839198720830389e+00 1.153400008003489852e+01 1.603722595746045698e+01 1.938185099753292917e+01 2.254540138337320343e+01 2.566036704876325558e+01 2.537224897659491063e+01
4.000000000000000000e+00 6.970019771990505042e+00 1.153137808102553485e+01 1.603735189141081463e+01 1.938196408223766198e+01 2.254582775757078750e+01 2.566370569339571972e+01 2.537524102634732870e+01
5.000000000000000000e+00 6.940154502990295349e+00 1.152975099199762887e+01 1.603751888849675566e+01 1.938205191506783009e+01 2.254610728851771029e+01 2.566597245760161528e+01 2.537736607781080167e+01
6.000000000000000000e+00 6.933777946676189963e+00 1.152973780040576379e+01 1.603770325163376853e+01 1.938210638475156244e+01 2.254621981154184240e+01 2.566720516267886865e+01 2.537846887348674940e+01
7.000000000000000000e+00 6.938255020224098679e+00 1.153007953246692274e+01 1.603788586506432878e+01 1.938214626031043863e+01 2.254626705725778280e+01 2.566785354903347383e+01 2.537903886058581548e+01
8.000000000000000000e+00 6.939746362108112798e+00 1.152968127367876860e+01 1.603805078654313476e+01 1.938218673188712771e+01 2.254633752417919368e+01 2.566850356690991219e+01 2.537965292283660901e+01
9.000000000000000000e+00 6.936257600253657785e+00 1.152864449273211100e+01 1.603818951776919732e+01 1.938223073180085265e+01 2.254644196651912225e+01 2.566919432721311978e+01 2.538036824216768039e+01
1.000000000000000000e+01 6.932461023813950796e+00 1.152756359155372579e+01 1.603831074541458435e+01 1.938227337558236130e+01 2.254655522185336025e+01 2.566981559108513622e+01 2.538102945312255798e+01
1.100000000000000000e+01 6.931591053112595269e+00 1.152671352083818768e+01 1.603841578032803028e+01 1.938231123152899116e+01 2.254666001740167047e+01 2.567026656728549838e+01 2.538152248916282616e+01
1.200000000000000000e+01 6.932720483937196754e+00 1.152592672911893246e+01 1.603850570923841445e+01 1.938234611723245138e+01 2.254676932116551669e+01 2.567059042434781091e+01 2.538188741193600606e+01
1.300000000000000000e+01 6.934096036015852782e+00 1.152504343478577908e+01 1.603857107527918657e+01 1.938237888327024194e+01 2.254688679149642638e+01 2.567085053790592042e+01 2.538219612197612562e+01
1.400000000000000000e+01 6.934965775497780704e+00 1.152406376482490735e+01 1.603861598844651937e+01 1.938241144890429268e+01 2.254702159096859049e+01 2.567106914124265415e+01 2.538248113490002567e+01
1.500000000000000000e+01 6.935763981219658092e+00 1.152310331992253190e+01 1.603864130211277939e+01 1.938244292018418946e+01 2.254716731666043827e+01 2.567124079468602815e+01 2.538272751790229975e+01
1.600000000000000000e+01 6.937026716423514650e+00 1.152221420110744354e+01 1.603864712049059804e+01 1.938247126265328646e+01 2.254731270050380232e+01 2.567136594276333028e+01 2.538292273997550197e+01
1.700000000000000000e+01 6.938785589500831463e+00 1.152138353198503395e+01 1.603863489842186141e+01 1.938249712501456301e+01 2.254746055936818649e+01 2.567143605674570850e+01 2.538306623052606170e+01
1.800000000000000000e+01 6.940723887410060300e+00 1.152057205780612925e+01 1.603860528837340382e+01 1.938252099373319837e+01 2.254761429040352994e+01 2.567146247955512806e+01 2.538316889170468116e+01
1.900000000000000000e+01 6.942718342076585891e+00 1.151980196882712448e+01 1.603855992953378617e+01 1.938254387998835426e+01 2.254777483880606326e+01 2.567145030411764495e+01 2.538324030112596574e+01
2.000000000000000000e+01 6.944708362302004723e+00 1.151904443654257371e+01 1.603849954856656979e+01 1.938256469460518971e+01 2.254794061496585300e+01 2.567140877791203479e+01 2.538328018336015646e+01
2.100000000000000000e+01 6.946838086255377576e+00 1.151835386536179406e+01 1.603842527170965226e+01 1.938258437123941746e+01 2.254811178035087593e+01 2.567133612056673186e+01 2.538329055696819836e+01
2.200000000000000000e+01 6.949065825259594931e+00 1.151769104636997554e+01 1.603833867790994105e+01 1.938260193058962244e+01 2.254828543526710760e+01 2.567123628234309507e+01 2.538326982971694434e+01
2.300000000000000000e+01 6.951387071637275206e+00 1.151709113725742206e+01 1.603823931072935949e+01 1.938261865855363197e+01 2.254846548720241373e+01 2.567111117630750172e+01 2.538322598449165568e+01
2.400000000000000000e+01 6.953722150004897351e+00 1.151650386455718511e+01 1.603813069389315160e+01 1.938263343167592012e+01 2.254864655659282846e+01 2.567096527621905366e+01 2.538315670942520796e+01
2.500000000000000000e+01 6.956086898666532292e+00 1.151596821267999182e+01 1.603801123412543816e+01 1.938264733644335891e+01 2.254883332265823270e+01 2.567080217741862569e+01 2.538307009494278077e+01
2.600000000000000000e+01 6.958466583874359124e+00 1.151545456707033033e+01 1.603788498933087325e+01 1.938265958934829314e+01 2.254902002404135786e+01 2.567062110421072418e+01 2.538296210939085640e+01
2.700000000000000000e+01 6.960847956045835616e+00 1.151495952025220149e+01 1.603775302323918339e+01 1.938267027009046117e+01 2.254920631022661937e+01 2.567042230746810105e+01 2.538283235505832991e+01
2.800000000000000000e+01 6.963260753337127795e+00 1.151452247775605642e+01 1.603761262375474317e+01 1.938268032387875195e+01 2.254939738046012110e+01 2.567021635524165291e+01 2.538269430660961135e+01
2.900000000000000000e+01 6.965670810220053077e+00 1.151412094169252320e+01 1.603746621968625163e+01 1.938268944695461471e+01 2.254959054180610423e+01 2.566999593733939022e+01 2.538254310152013105e+01
3.000000000000000000e+01 6.968069875582493466e+00 1.151375206143103647e+01 1.603731509692675417e+01 1.938269767373379082e+01 2.254978475698342777e+01 2.566976428940769850e+01 2.538237910808127396e+01
3.100000000000000000e+01 6.970438314191511608e+00 1.151339792978805043e+01 1.603716342704187525e+01 1.938270476042710300e+01 2.254997505299663985e+01 2.566951523195740137e+01 2.538219590139862447e+01
3.200000000000000000e+01 6.972781868115314197e+00 1.151307327463557328e+01 1.603700967940085320e+01 1.938271107241147106e+01 2.255016410803089855e+01 2.566925515647870881e+01 2.538199968378622984e+01
3.300000000000000000e+01 6.975102363898195712e+00 1.151278337751063141e+01 1.603685336787144422e+01 1.938271683348644459e+01 2.255035304527784490e+01 2.566898613190515732e+01 2.538179493989913382e+01
3.400000000000000000e+01 6.977420080924925827e+00 1.151255672891671367e+01 1.603668635027365852e+01 1.938272265861518662e+01 2.255055282227494473e+01 2.566873538682271061e+01 2.538160024120346847e+01
3.500000000000000000e+01 6.979684992231798724e+00 1.151233848435731488e+01 1.603652420574573512e+01 1.938272779598838014e+01 2.255074357176225064e+01 2.566845527378857028e+01 2.538138366755331532e+01
3.600000000000000000e+01 6.981905905601921702e+00 1.151214622592278047e+01 1.603636355509906508e+01 1.938273259018132677e+01 2.255092997201066041e+01 2.566816321689218228e+01 2.538115455999781744e+01
3.700000000000000000e+01 6.984081940938335009e+00 1.151198228294651393e+01 1.603620395543006438e+01 1.938273721806538674e+01 2.255111273550150841e+01 2.566786217818275873e+01 2.538091512347783407e+01
3.800000000000000000e+01 6.986219268815303529e+00 1.151185246315945854e+01 1.603604300476447619e+01 1.938274190837879374e+01 2.255129510129342663e+01 2.566755810827837792e+01 2.538067251812406155e+01
3.900000000000000000e+01 6.988314904537713090e+00 1.151175485936098930e+01 1.603588153463153887e+01 1.938274676979472844e+01 2.255147613727380929e+01 2.566725343245629531e+01 2.538042510439343502e+01
4.000000000000000000e+01 6.990395322962739577e+00 1.151170132369636256e+01 1.603571565422053169e+01 1.938275212135887671e+01 2.255166143159177849e+01 2.566697051313383326e+01 2.538019142345968504e+01
4.100000000000000000e+01 6.992400260836909354e+00 1.151166438941924497e+01 1.603555456199413598e+01 1.938275771660199354e+01 2.255183829628080261e+01 2.566665959266056163e+01 2.537993703471645901e+01
4.200000000000000000e+01 6.994364412970983658e+00 1.151165693206024621e+01 1.603539483271018184e+01 1.938276382128893260e+01 2.255201169741334866e+01 2.566634743028363630e+01 2.537968019883912874e+01
4.300000000000000000e+01 6.996275625613590954e+00 1.151167698392413996e+01 1.603523596616140523e+01 1.938277059159237226e+01 2.255218200269486672e+01 2.566602956268905800e+01 2.537941879188582561e+01
4.400000000000000000e+01 6.998137674376416761e+00 1.151172404226179680e+01 1.603507843985115144e+01 1.938277814023910750e+01 2.255234865244293374e+01 2.566571111620197243e+01 2.537915346673713657e+01
4.500000000000000000e+01 6.999938763805070963e+00 1.151179675631224164e+01 1.603492119347888334e+01 1.938278663726616813e+01 2.255251256708524821e+01 2.566538608533696930e+01 2.537888325416697555e+01
4.600000000000000000e+01 7.001694916952404313e+00 1.151189472450221629e+01 1.603476597347702182e+01 1.938279612390224571e+01 2.255267191395841664e+01 2.566506060801999212e+01 2.537861020795205391e+01
4.700000000000000000e+01 7.003387935634744821e+00 1.151201683522446650e+01 1.603461067105715543e+01 1.938280683601108478e+01 2.255282869254812184e+01 2.566472910878648861e+01 2.537833319275469535e+01
4.800000000000000000e+01 7.005039628600912671e+00 1.151216208478190239e+01 1.603445785121182254e+01 1.938281874011537909e+01 2.255298024490079456e+01 2.566439805678979624e+01 2.537805411129431121e+01
4.900000000000000000e+01 7.006673777011460658e+00 1.151232737155518571e+01 1.603430653709024156e+01 1.938283230831241966e+01 2.255312848614189036e+01 2.566408933946530269e+01 2.537778665636909992e+01
5.000000000000000000e+01 7.008229921447401978e+00 1.151251563015056334e+01 1.603415711157417789e+01 1.938284710254583132e+01 2.255327123614453200e+01 2.566375872392055157e+01 2.537750673430943493e+01
5.100000000000000000e+01 7.009724550555126221e+00 1.151272422528345452e+01 1.603400795280176538e+01 1.938286354844756687e+01 2.255341055074536882e+01 2.566342310984645536e+01 2.537722311327020819e+01
5.200000000000000000e+01 7.011207902056436403e+00 1.151294741078754136e+01 1.603386189898323622e+01 1.938288182140686899e+01 2.255354444789116286e+01 2.566310628733518229e+01 2.537694873164983633e+01
5.300000000000000000e+01 7.012638739806218879e+00 1.151318867498028986e+01 1.603371760474110630e+01 1.938290182166284126e+01 2.255367345140837898e+01 2.566278629278880885e+01 2.537667250213911885e+01
5.400000000000000000e+01 7.013977186858580737e+00 1.151345183632447799e+01 1.603357268628683130e+01 1.938292355894116881e+01 2.255379899485491535e+01 2.566244435336961516e+01 2.537638340351671573e+01
5.500000000000000000e+01 7.015315255555786500e+00 1.151372448711844143e+01 1.603343187021653904e+01 1.938294724829962234e+01 2.255391801224931214e+01 2.566211946109180175e+01 2.537610354976062865e+01
5.600000000000000000e+01 7.016604612457908452e+00 1.151401222601321273e+01 1.603329278959733628e+01 1.938297286950571774e+01 2.255403204658851379e+01 2.566179329429004952e+01 2.537582228985402111e+01
5.700000000000000000e+01 7.017797597523479425e+00 1.151432006584734857e+01 1.603315234611083895e+01 1.938300053649503951e+01 2.255414305685256338e+01 2.566144703557256079e+01 2.537552897784681605e+01
5.800000000000000000e+01 7.019000613651239284e+00 1.151463312708667885e+01 1.603301680879597768e+01 1.938303015092285619e+01 2.255424685362105208e+01 2.566111664200983000e+01 2.537524440207284471e+01
5.900000000000000000e+01 7.020158097077177750e+00 1.151495848050917914e+01 1.603288303520367464e+01 1.938306181251509486e+01 2.255434560571605118e+01 2.566078579803079762e+01 2.537495873722087580e+01
6.000000000000000000e+01 7.021219759009015959e+00 1.151530124967921154e+01 1.603274772084717625e+01 1.938309574853001038e+01 2.255444132674553614e+01 2.566043730413417379e+01 2.537466252540662026e+01
6.100000000000000000e+01 7.022297401752991775e+00 1.151564626985437734e+01 1.603261760173449346e+01 1.938313154835132579e+01 2.255452976392863462e+01 2.566010253924934048e+01 2.537437386912334247e+01
6.200000000000000000e+01 7.023333879764442678e+00 1.151600065681525287e+01 1.603248931618785633e+01 1.938316945128729429e+01 2.255461316592386822e+01 2.565976834025330433e+01 2.537408470514413850e+01
6.300000000000000000e+01 7.024272024043734852e+00 1.151636938697061296e+01 1.603235912581110512e+01 1.938320988802120937e+01 2.255469366274246923e+01 2.565941866654723569e+01 2.537378637236265533e+01
6.400000000000000000e+01 7.025235614168698461e+00 1.151673813353128928e+01 1.603223466535651198e+01 1.938325192856246559e+01 2.255476681663204630e+01 2.565908061676263685e+01 2.537349458414657022e+01
6.500000000000000000e+01 7.026161293841066247e+00 1.151711386195901099e+01 1.603211212857117474e+01 1.938329603540469037e+01 2.255483500065525604e+01 2.565874356143206114e+01 2.537320248577776027e+01
6.600000000000000000e+01 7.026992985479686205e+00 1.151750039259662550e+01 1.603198800538466173e+01 1.938334275783541472e+01 2.255489999191815187e+01 2.565839381301727684e+01 2.537290303628982713e+01
6.700000000000000000e+01 7.027852075138021348e+00 1.151788594768784435e+01 1.603186951598819832e+01 1.938339085702078535e+01 2.255495813043105713e+01 2.565805319921439320e+01 2.537260862299520880e+01
6.800000000000000000e+01 7.028615954450846637e+00 1.151827982331770350e+01 1.603174926274967760e+01 1.938344176210274128e+01 2.255501314103701560e+01 2.565770349736085265e+01 2.537230834682254255e+01
6.900000000000000000e+01 7.029413309294749723e+00 1.151867241558209898e+01 1.603163500095185157e+01 1.938349372412567462e+01 2.255506146080868035e+01 2.565736172347642352e+01 2.537201245079251777e+01
7.000000000000000000e+01 7.030117287320904573e+00 1.151907109309954791e+01 1.603151918074381044e+01 1.938354851057101413e+01 2.255510649385656663e+01 2.565701265425799349e+01 2.537171184230856014e+01
7.100000000000000000e+01 7.030856318290305218e+00 1.151946847084177428e+01 1.603140932839823662e+01 1.938360411281953688e+01 2.255514522721017201e+01 2.565666993731131384e+01 2.537141473134834513e+01
7.200000000000000000e+01 7.031507101856332653e+00 1.151986968488049357e+01 1.603129834457751457e+01 1.938366245937862331e+01 2.255518044537865663e+01 2.565632166731222341e+01 2.537111406254779311e+01
7.300000000000000000e+01 7.032117934588444363e+00 1.152026934514146639e+01 1.603118846551539178e+01 1.938372314152305975e+01 2.255521128528168973e+01 2.565597303729349932e+01 2.537081303162753088e+01
7.400000000000000000e+01 7.032718637248534854e+00 1.152067010071947095e+01 1.603108224169595886e+01 1.938378480068572429e+01 2.255523695835756115e+01 2.565562098972719696e+01 2.537051023419088835e+01
7.500000000000000000e+01 7.033298111402039865e+00 1.152106993893619169e+01 1.603097866756711909e+01 1.938384797737266751e+01 2.255525794668093909e+01 2.565526920460717619e+01 2.537020738357121274e+01
7.600000000000000000e+01 7.033855612282699177e+00 1.152146845019415267e+01 1.603087768927214185e+01 1.938391263469216597e+01 2.255527436293953158e+01 2.565491840091533504e+01 2.536990448064961612e+01
7.700000000000000000e+01 7.034392690714285301e+00 1.152186535138683787e+01 1.603077941381316052e+01 1.938397865286377808e+01 2.255528627418667043e+01 2.565456851116949366e+01 2.536960160088979421e+01
7.800000000000000000e+01 7.034910098301382142e+00 1.152226029184900469e+01 1.603068388775006525e+01 1.938404594756687160e+01 2.255529376528904706e+01 2.565421961312753041e+01 2.536929890022255663e+01
7.900000000000000000e+01 7.035408493984831146e+00 1.152265298536126004e+01 1.603059116174226517e+01 1.938411442696380860e+01 2.255529692098815175e+01 2.565387175050371837e+01 2.536899649307943960e+01
8.000000000000000000e+01 7.035888607579691367e+00 1.152304319401363664e+01 1.603050129363643350e+01 1.938418399127985836e+01 2.255529582615735862e+01 2.565352493441193005e+01 2.536869446780087856e+01
8.100000000000000000e+01 7.036351129460149068e+00 1.152343069457266012e+01 1.603041433549930872e+01 1.938425454134753068e+01 2.255529056720376602e+01 2.565317918948134945e+01 2.536839290427726468e+01
8.200000000000000000e+01 7.036796779638827104e+00 1.152381528864271054e+01 1.603033033926194761e+01 1.938432597429179438e+01 2.255528123123129802e+01 2.565283453384542511e+01 2.536809186501585600e+01
8.300000000000000000e+01 7.037226257327779955e+00 1.152419679983526279e+01 1.603024935421894881e+01 1.938439818599839271e+01 2.255526790658760561e+01 2.565249098856981647e+01 2.536779140408544819e+01
8.400000000000000000e+01 7.037640235848439119e+00 1.152457507338195875e+01 1.603017142690945818e+01 1.938447107059592156e+01 2.255525068225048813e+01 2.565214857684642524e+01 2.536749156934380522e+01
8.500000000000000000e+01 7.038039327465300588e+00 1.152494996882638389e+01 1.603009659882258120e+01 1.938454452387211902e+01 2.255522964771172667e+01 2.565180733427763471e+01 2.536719241007654446e+01
8.600000000000000000e+01 7.038424145358763262e+00 1.152532136712188837e+01 1.603002490980301076e+01 1.938461843932385875e+01 2.255520489253344607e+01 2.565146729094267286e+01 2.536689396898840343e+01
8.700000000000000000e+01 7.038795290510834413e+00 1.152568916744973926e+01 1.602995639688290908e+01 1.938469270981847714e+01 2.255517650656031847e+01 2.565112847758075532e+01 2.536659628603197802e+01
8.800000000000000000e+01 7.039153308081092852e+00 1.152605327303415095e+01 1.602989109128048284e+01 1.938476723041248206e+01 2.255514457857039901e+01 2.565079093681740829e+01 2.536629940600743183e+01
8.900000000000000000e+01 7.039498748392022165e+00 1.152641360911924018e+01 1.602982902293021539e+01 1.938484189598271001e+01 2.255510919807476711e+01 2.565045470637993219e+01 2.536600336754983687e+01
9.000000000000000000e+01 7.039832129717109588e+00 1.152677010947712866e+01 1.602977021724354501e+01 1.938491660144833517e+01 2.255507045319169990e+01 2.565011982543699531e+01 2.536570821088639249e+01
9.100000000000000000e+01 7.040153943827379024e+00 1.152712271834257685e+01 1.602971469573364161e+01 1.938499124301607424e+01 2.255502843140175528e+01 2.564978633608650682e+01 2.536541397641744666e+01
9.200000000000000000e+01 7.040464668495326706e+00 1.152747139088622674e+01 1.602966247672804556e+01 1.938506571840712311e+01 2.255498321953004393e+01 2.564945428201002997e+01 2.536512070435341926e+01
9.300000000000000000e+01 7.040764759701137798e+00 1.152781609089809045e+01 1.602961357489141037e+01 1.938513992675620301e+01 2.255493490351829777e+01 2.564912370809758713e+01 2.536482843502763984e+01
9.400000000000000000e+01 7.041054649657721320e+00 1.152815678970816649e+01 1.602956800104033874e+01 1.938521376880557057e+01 2.255488356798002059e+01 2.564879466105967509e+01 2.536453720926441591e+01
9.500000000000000000e+01 7.041334756525438721e+00 1.152849346696344845e+01 1.602952576251372108e+01 1.938528714711163303e+01 2.255482929648869828e+01 2.564846718617370414e+01 2.536424706873692969e+01
9.600000000000000000e+01 7.041556675256515518e+00 1.152880213174104185e+01 1.602948449069788950e+01 1.938536424437572592e+01 2.255477005039582394e+01 2.564816698174975329e+01 2.536397487791471050e+01
9.700000000000000000e+01 7.041817112066214079e+00 1.152912989754135786e+01 1.602944891494175295e+01 1.938543656359732026e+01 2.255471006618721219e+01 2.564783930597254979e+01 2.536368687505301622e+01
9.800000000000000000e+01 7.042024870725207997e+00 1.152943034932448896e+01 1.602941466837610562e+01 1.938551220339163095e+01 2.255464515427176408e+01 2.564753916611871887e+01 2.536341682814855147e+01
9.900000000000000000e+01 7.042223671202337165e+00 1.152972480024697433e+01 1.602938382480202151e+01 1.938558728262371034e+01 2.255457744652917285e+01 2.564723929115934098e+01 2.536314924765516921e+01
1.000000000000000000e+02 7.042417913082267944e+00 1.153001626584881123e+01 1.602935656748054782e+01 1.938566124184237083e+01 2.255450719304742080e+01 2.564693797775420592e+01 2.536288169561666450e+01
1.010000000000000000e+02 7.042606156591996402e+00 1.153030356654942601e+01 1.602933279008155765e+01 1.938573417308109015e+01 2.255443439144615780e+01 2.564663743057460366e+01 2.536261511630618770e+01
1.020000000000000000e+02 7.042789572114312335e+00 1.153058748157165070e+01 1.602931251471760632e+01 1.938580588040994002e+01 2.255435916418468878e+01 2.564633702175270358e+01 2.536234891945086645e+01
1.030000000000000000e+02 7.042968106843675358e+00 1.153086785889879984e+01 1.602929570367697920e+01 1.938587630905838921e+01 2.255428157707998338e+01 2.564603734703076299e+01 2.536208331676395034e+01
1.040000000000000000e+02 7.043142092842485269e+00 1.153114485670811185e+01 1.602928233432923477e+01 1.938594536136783475e+01 2.255420171603740798e+01 2.564573833889698307e+01 2.536181823871643815e+01
1.050000000000000000e+02 7.043311678478588078e+00 1.153141849513143846e+01 1.602927237331416066e+01 1.938601296263495399e+01 2.255411965682440822e+01 2.564544033396056122e+01 2.536155378758241952e+01
1.060000000000000000e+02 7.043477046728554569e+00 1.153168883018526714e+01 1.602926578570220073e+01 1.938607903602234828e+01 2.255403547632226235e+01 2.564514333573340821e+01 2.536128999636229153e+01
1.070000000000000000e+02 7.043638369499218399e+00 1.153195591085404281e+01 1.602926253288062242e+01 1.938614350903027272e+01 2.255394924924928901e+01 2.564484760926275442e+01 2.536102695478514946e+01
1.080000000000000000e+02 7.043795804521801429e+00 1.153221977783005414e+01 1.602926257286733147e+01 1.938620631377078141e+01 2.255386104772139433e+01 2.564455314651255691e+01 2.536076471436865631e+01
1.090000000000000000e+02 7.043949514121102595e+00 1.153248048012158833e+01 1.602926586115698626e+01 1.938626738444049735e+01 2.255377094275229055e+01 2.564426018132358820e+01 2.536050336570593444e+01
1.100000000000000000e+02 7.044099619457399264e+00 1.153273803720072799e+01 1.602927234957695291e+01 1.938632666273563032e+01 2.255367900068851839e+01 2.564396870889468616e+01 2.536024297883511736e+01
1.110000000000000000e+02 7.044246268355132123e+00 1.153299249709421304e+01 1.602928198845071961e+01 1.938638408955624826e+01 2.255358528859866851e+01 2.564367894185629382e+01 2.535998364355309675e+01
1.120000000000000000e+02 7.044389585164704037e+00 1.153324389122727567e+01 1.602929472528969512e+01 1.938643961145188399e+01 2.255348986999047511e+01 2.564339085142808372e+01 2.535972541840416028e+01
1.130000000000000000e+02 7.044529695688537707e+00 1.153349225635202302e+01 1.602931050567720561e+01 1.938649317752792456e+01 2.255339280698047943e+01 2.564310464751667595e+01 2.535946839943673226e+01
1.140000000000000000e+02 7.044666721049731350e+00 1.153373762904721822e+01 1.602932927323711354e+01 1.938654474019024576e+01 2.255329415983767660e+01 2.564282028821412851e+01 2.535921263761816391e+01
1.150000000000000000e+02 7.044800774642529184e+00 1.153398004324241199e+01 1.602935096987456376e+01 1.938659425552967619e+01 2.255319398669415065e+01 2.564253797401287471e+01 2.535895822696790347e+01
1.160000000000000000e+02 7.044931968880558060e+00 1.153421953633900365e+01 1.602937553577283580e+01 1.938664168224942230e+01 2.255309234436327870e+01 2.564225765704068039e+01 2.535870521399421307e+01
1.170000000000000000e+02 7.045060408222404646e+00 1.153445614212607495e+01 1.602940290967090320e+01 1.938668698279333213e+01 2.255298928751683718e+01 2.564197952750898324e+01 2.535845368798689847e+01
1.180000000000000000e+02 7.045186197023245889e+00 1.153468989820584056e+01 1.602943302891924660e+01 1.938673012222213998e+01 2.255288486967224415e+01 2.564170353386269596e+01 2.535820369192856560e+01
1.190000000000000000e+02 7.045309432788061876e+00 1.153492083911823229e+01 1.602946582971528855e+01 1.938677106910473569e+01 2.255277914234032721e+01 2.564142985647497142e+01 2.535795530985084412e+01
1.200000000000000000e+02 7.045430212789648650e+00 1.153514900263617804e+01 1.602950124704656787e+01 1.938680979462060705e+01 2.255267215600640895e+01 2.564115844106574826e+01 2.535770858093376035e+01
1.210000000000000000e+02 7.045548626030806005e+00 1.153537442315992934e+01 1.602953921484262167e+01 1.938684627327794274e+01 2.255256395946173242e+01 2.564088945896167360e+01 2.535746358388236743e+01
1.220000000000000000e+02 7.045664763054181101e+00 1.153559713863542591e+01 1.602957966612287777e+01 1.938688048212577542e+01 2.255245460046554840e+01 2.564062285342654945e+01 2.535722035411324171e+01
1.230000000000000000e+02 7.045778709869064294e+00 1.153581718513457766e+01 1.602962253334283460e+01 1.938691240141980998e+01 2.255234412503657282e+01 2.564035878683547764e+01 2.535697896518412975e+01
1.240000000000000000e+02 7.045890549872457775e+00 1.153603460043895623e+01 1.602966774793350524e+01 1.938694201382719129e+01 2.255223257848751928e+01 2.564009720027192785e+01 2.535673944866886131e+01
1.250000000000000000e+02 7.046000360522852723e+00 1.153624941968145734e+01 1.602971524067539377e+01 1.938696930499197535e+01 2.255212000466130462e+01 2.563983824818951618e+01 2.535650187301804692e+01
1.260000000000000000e+02 7.046108209105256037e+00 1.153646167047061155e+01 1.602976494241034544e+01 1.938699426389532832e+01 2.255200644472158444e+01 2.563958188040988873e+01 2.535626627527864230e+01
1.270000000000000000e+02 7.046214186501089216e+00 1.153667140496323107e+01 1.602981678238623786e+01 1.938701688011013857e+01 2.255189194313373235e+01 2.563932822565460512e+01 2.535603270471902704e+01
1.280000000000000000e+02 7.046318361221213245e+00 1.153687865609138008e+01 1.602987069033242307e+01 1.938703714729405547e+01 2.255177654001291643e+01 2.563907722656002264e+01 2.535580118992113441e+01
1.290000000000000000e+02 7.046420799838478466e+00 1.153708345793628887e+01 1.602992659559303590e+01 1.938705506137504031e+01 2.255166027478728097e+01 2.563882902365464034e+01 2.535557179118413984e+01
1.300000000000000000e+02 7.046521574596501303e+00 1.153728585248458849e+01 1.602998442675165336e+01 1.938707062020634808e+01 2.255154318759786136e+01 2.563858354644787241e+01 2.535534452462062305e+01
1.310000000000000000e+02 7.046620753841073892e+00 1.153748587952313187e+01 1.603004411234003257e+01 1.938708382415352816e+01 2.255142531733266154e+01 2.563834092207943982e+01 2.535511944065198975e+01
1.320000000000000000e+02 7.046718392642256745e+00 1.153768356772104298e+01 1.603010558174852918e+01 1.938709467635895223e+01 2.255130669983028113e+01 2.563810109302680829e+01 2.535489656402489089e+01
1.330000000000000000e+02 7.046795081524552806e+00 1.153785613660889808e+01 1.603016925849339103e+01 1.938710385227471633e+01 2.255118590079808172e+01 2.563788966041502704e+01 2.535469806841853924e+01
1.340000000000000000e+02 7.046886429925891093e+00 1.153804591065634177e+01 1.603023431805642218e+01 1.938711009814190334e+01 2.255106537826622315e+01 2.563765870529474711e+01 2.535448298005555756e+01
1.350000000000000000e+02 7.046981615300843771e+00 1.153823897147726996e+01 1.603030053852012315e+01 1.938711386325738673e+01 2.255094508966823597e+01 2.563742430566008323e+01 2.535426476791425543e+01
1.360000000000000000e+02 7.047055897490212217e+00 1.153840710303710004e+01 1.603036929443659275e+01 1.938711566367240380e+01 2.255082197445708658e+01 2.563721829990451084e+01 2.535407073484123686e+01
1.370000000000000000e+02 7.047146197698702430e+00 1.153859346344248848e+01 1.603043862226191862e+01 1.938711483238513011e+01 2.255070012467731289e+01 2.563699184313539092e+01 2.535385934329603330e+01
1.380000000000000000e+02 7.047216131920348126e+00 1.153875406165823314e+01 1.603050996349258028e+01 1.938711181685495788e+01 2.255057637300706830e+01 2.563679513209525140e+01 2.535367332809502372e+01
1.390000000000000000e+02 7.047302375068714042e+00 1.153893442699833827e+01 1.603058205289008598e+01 1.938710637638562417e+01 2.255045324063786794e+01 2.563657586514452902e+01 2.535346819171300226e+01
1.400000000000000000e+02 7.047369695478359120e+00 1.153909018890664839e+01 1.603065596261065195e+01 1.938709853647437598e+01 2.255032853613448296e+01 2.563638522110596085e+01 2.535328746117460952e+01
1.410000000000000000e+02 7.047455400727150376e+00 1.153926844151875564e+01 1.603073020291013151e+01 1.938708857682938103e+01 2.255020483723288649e+01 2.563616901866719289e+01 2.535308503163724936e+01
1.420000000000000000e+02 7.047521176204995186e+00 1.153942089276324268e+01 1.603080643907188474e+01 1.938707596963780588e+01 2.255007924328799263e+01 2.563598287510088980e+01 2.535290813493016060e+01
1.430000000000000000e+02 7.047604071484880883e+00 1.153959436503994063e+01 1.603088282791418706e+01 1.938706152586062359e+01 2.254995462494707681e+01 2.563577303395725338e+01 2.535271104092620220e+01
1.440000000000000000e+02 7.047668407224932707e+00 1.153974363563665406e+01 1.603096114988233722e+01 1.938704421842517078e+01 2.254982820056665105e+01 2.563559137572666202e+01 2.535253795555070866e+01
1.450000000000000000e+02 7.047750547620905692e+00 1.153991461797267526e+01 1.603103917407018031e+01 1.938702546639610702e+01 2.254970316388220297e+01 2.563538560097196140e+01 2.535234418794504307e+01
1.460000000000000000e+02 7.047813721873981585e+00 1.154006098535741742e+01 1.603111926331924764e+01 1.938700356976556805e+01 2.254957609629366644e+01 2.563520838861701279e+01 2.535217478032524596e+01
1.470000000000000000e+02 7.047893833759895976e+00 1.154022793972012373e+01 1.603119884277293750e+01 1.938698053253238385e+01 2.254945046247950913e+01 2.563500859195593762e+01 2.535198591845579230e+01
1.480000000000000000e+02 7.047955907345861526e+00 1.154037142993077758e+01 1.603128044604759239e+01 1.938695414126208760e+01 2.254932284065028014e+01 2.563483592585898663e+01 2.535182028852184288e+01
1.490000000000000000e+02 7.048014827376766434e+00 1.154050953574462746e+01 1.603136255534492705e+01 1.938692535790461946e+01 2.254919528781623228e+01 2.563467004047435793e+01 2.535166072290859418e+01
1.500000000000000000e+02 7.048092238215103222e+00 1.154067087602160235e+01 1.603144389935980030e+01 1.938689608216434834e+01 2.254906905581098897e+01 2.563447867443706230e+01 2.535147914324470619e+01
1.510000000000000000e+02 7.048152756243793782e+00 1.154081010017782383e+01 1.603152726105085790e+01 1.938686313088533097e+01 2.254894081673648287e+01 2.563431280397574241e+01 2.535131939017596281e+01
1.520000000000000000e+02 7.048211103405613187e+00 1.154094546154238898e+01 1.603161107068934399e+01 1.938682785230822248e+01 2.254881250392003622e+01 2.563415196237196980e+01 2.535116414446552824e+01
1.530000000000000000e+02 7.048268345183453576e+00 1.154107853180266652e+01 1.603169522849751516e+01 1.938679038856468750e+01 2.254868414941934773e+01 2.563399420639674986e+01 2.535101181417175198e+01
1.540000000000000000e+02 7.048324423590711874e+00 1.154120913351256128e+01 1.603177962439484006e+01 1.938675078147651831e+01 2.254855586368966058e+01 2.563383978782420058e+01 2.535086258882157040e+01
1.550000000000000000e+02 7.048379234383409297e+00 1.154133709881796577e+01 1.603186420765742781e+01 1.938670903316459615e+01 2.254842766736926052e+01 2.563368892522957054e+01 2.535071662158314254e+01
1.560000000000000000e+02 7.048433155835141406e+00 1.154146304932811873e+01 1.603194897963112098e+01 1.938666517610688800e+01 2.254829946967435461e+01 2.563354092238008519e+01 2.535057325762276292e+01
1.570000000000000000e+02 7.048486658150839190e+00 1.154158771827738050e+01 1.603203390694526220e+01 1.938661928387365663e+01 2.254817122431574461e+01 2.563339494038928024e+01 2.535043174502564867e+01
1.580000000000000000e+02 7.048539938911935643e+00 1.154171138819560660e+01 1.603211892166132202e+01 1.938657142234361785e+01 2.254804295624439803e+01 2.563325065676955106e+01 2.535029179559907320e+01
1.590000000000000000e+02 7.048593051504989937e+00 1.154183411767323619e+01 1.603220395093134698e+01 1.938652164405079859e+01 2.254791470813725951e+01 2.563310802443776382e+01 2.535015334751998139e+01
1.600000000000000000e+02 7.048646004601400783e+00 1.154195589980318815e+01 1.603228892485091350e+01 1.938646999474508448e+01 2.254778652202142553e+01 2.563296708310329919e+01 2.535001640664937383e+01
1.610000000000000000e+02 7.048698812530762581e+00 1.154207673733589523e+01 1.603237377555085175e+01 1.938641652144118765e+01 2.254765843740395681e+01 2.563282786778606237e+01 2.534988097299138587e+01
1.620000000000000000e+02 7.048751482897583465e+00 1.154219662210119246e+01 1.603245843856477038e+01 1.938636126942282445e+01 2.254753049109293528e+01 2.563269042862714286e+01 2.534974706198100947e+01
1.630000000000000000e+02 7.048804028759332319e+00 1.154231555603582038e+01 1.603254285123358258e+01 1.938630428600042421e+01 2.254740271808147511e+01 2.563255480487678994e+01 2.534961468253223060e+01
1.640000000000000000e+02 7.048856455264044918e+00 1.154243353147849760e+01 1.603262695385381065e+01 1.938624561716516936e+01 2.254727515115042991e+01 2.563242104439806113e+01 2.534948385514713110e+01
1.650000000000000000e+02 7.048908773357678292e+00 1.154255054936525404e+01 1.603271068844608749e+01 1.938618531068923900e+01 2.254714782186951183e+01 2.563228918419010327e+01 2.534935459397296498e+01
1.660000000000000000e+02 7.048960989576113612e+00 1.154266660363511043e+01 1.603279399964705476e+01 1.938612341303749176e+01 2.254702075989709442e+01 2.563215926526002875e+01 2.534922692045391912e+01
1.670000000000000000e+02 7.049013116479906138e+00 1.154278169509533392e+01 1.603287683399070929e+01 1.938605997218006038e+01 2.254689399376614034e+01 2.563203131896268161e+01 2.534910085055282281e+01
1.680000000000000000e+02 7.049065160467145930e+00 1.154289581914046181e+01 1.603295914055638960e+01 1.938599503499047216e+01 2.254676755049987946e+01 2.563190537858845630e+01 2.534897640494423499e+01
1.690000000000000000e+02 7.049117129344842247e+00 1.154300897515729929e+01 1.603304086999423106e+01 1.938592864934581428e+01 2.254664145610872694e+01 2.563178146928675361e+01 2.534885359955843853e+01
1.700000000000000000e+02 7.049169027595997505e+00 1.154312115867798383e+01 1.603312197530374661e+01 1.938586086218573712e+01 2.254651573518953356e+01 2.563165961620856947e+01 2.534873245282584975e+01
1.710000000000000000e+02 7.049220862493393192e+00 1.154323236872674485e+01 1.603320241125427259e+01 1.938579172115493421e+01 2.254639041143076383e+01 2.563153983762974875e+01 2.534861297898693877e+01
1.720000000000000000e+02 7.049272637805757746e+00 1.154334260115322941e+01 1.603328213474622288e+01 1.938572127301981496e+01 2.254626550730103318e+01 2.563142215095679433e+01 2.534849519342750668e+01
1.730000000000000000e+02 7.049324358591795736e+00 1.154345185426903697e+01 1.603336110443972018e+01 1.938564956499271474e+01 2.254614104443785294e+01 2.563130656803807383e+01 2.534837910794861315e+01
1.740000000000000000e+02 7.049376027664175481e+00 1.154356012436187839e+01 1.603343928103970839e+01 1.938557664348509491e+01 2.254601704341551027e+01 2.563119309939834523e+01 2.534826473454522855e+01
1.750000000000000000e+02 7.049427648387352363e+00 1.154366740930724511e+01 1.603351662694169733e+01 1.938550255508138775e+01 2.254589352401815106e+01 2.563108175096792252e+01 2.534815208215448479e+01
1.760000000000000000e+02 7.049479221898549142e+00 1.154377370536416691e+01 1.603359310643308078e+01 1.938542734563495173e+01 2.254577050508145319e+01 2.563097252708027085e+01 2.534804115926015911e+01
1.770000000000000000e+02 7.049530749621498948e+00 1.154387900993867255e+01 1.603366868546804724e+01 1.938535106097338101e+01 2.254564800471430175e+01 2.563086542834606263e+01 2.534793197171967094e+01
1.780000000000000000e+02 7.049582231647168129e+00 1.154398331949539447e+01 1.603374333183653988e+01 1.938527374621521915e+01 2.254552604020489071e+01 2.563076045373414402e+01 2.534782452461785596e+01
1.790000000000000000e+02 7.049633667572877904e+00 1.154408663108052657e+01 1.603381701492586942e+01 1.938519544629783908e+01 2.254540462816387603e+01 2.563065759917002140e+01 2.534771882075069982e+01
1.800000000000000000e+02 7.049685056353518497e+00 1.154418894134662033e+01 1.603388970589544371e+01 1.938511620546600867e+01 2.254528378446735815e+01 2.563055685893486313e+01 2.534761486198678071e+01
1.810000000000000000e+02 7.049736395777808973e+00 1.154429024703621920e+01 1.603396137741041017e+01 1.938503606774057175e+01 2.254516352452302286e+01 2.563045822498726167e+01 2.534751264813032634e+01
1.820000000000000000e+02 7.049787683192927368e+00 1.154439054468587678e+01 1.603403200376741822e+01 1.938495507636438120e+01 2.254504386286762241e+01 2.563036168757809463e+01 2.534741217805982316e+01
1.830000000000000000e+02 7.049838915370351344e+00 1.154448983112315652e+01 1.603410156079045734e+01 1.938487327416145689e+01 2.254492481351601896e+01 2.563026723492817638e+01 2.534731344893075189e+01
1.840000000000000000e+02 7.049890088422730017e+00 1.154458810292673654e+01 1.603417002586770579e+01 1.938479070337534793e+01 2.254480639004767895e+01 2.563017485399547013e+01 2.534721645676286172e+01
1.850000000000000000e+02 7.049941197562430872e+00 1.154468535672752694e+01 1.603423737781209013e+01 1.938470740575286655e+01 2.254468860548248799e+01 2.563008453001307885e+01 2.534712119614100345e+01
1.860000000000000000e+02 7.049992236980274996e+00 1.154478158888416850e+01 1.603430359686043616e+01 1.938462342236460856e+01 2.254457147230332836e+01 2.562999624697401302e+01 2.534702766061075252e+01
1.870000000000000000e+02 7.050043201105724577e+00 1.154487679624021901e+01 1.603436866473376554e+01 1.938453879372461230e+01 2.254445500246138323e+01 2.562990998739189763e+01 2.534693584249987808e+01
1.880000000000000000e+02 7.050094083049842197e+00 1.154497097520871129e+01 1.603443256441323683e+01 1.938445355966720030e+01 2.254433920753735521e+01 2.562982573282734933e+01 2.534684573305563760e+01
1.890000000000000000e+02 7.050144875445149673e+00 1.154506412231960333e+01 1.603449528021790726e+01 1.938436775946814095e+01 2.254422409869522070e+01 2.562974346366667078e+01 2.534675732242592616e+01
1.900000000000000000e+02 7.050195570479101725e+00 1.154515623413432657e+01 1.603455679781834675e+01 1.938428143175274698e+01 2.254410968664659265e+01 2.562966315932469641e+01 2.534667059991058125e+01
1.910000000000000000e+02 7.050246159261094547e+00 1.154524730698813961e+01 1.603461710402180174e+01 1.938419461447173120e+01 2.254399598169266028e+01 2.562958479826225400e+01 2.534658555381668421e+01
1.920000000000000000e+02 7.050296633129604196e+00 1.154533733758898961e+01 1.603467618701926511e+01 1.938410734497768217e+01 2.254388299377249538e+01 2.562950835815018280e+01 2.534650217165600239e+01
1.930000000000000000e+02 7.050346982890050462e+00 1.154542632267730262e+01 1.603473403619923232e+01 1.938401965999121401e+01 2.254377073245145979e+01 2.562943381587588476e+01 2.534642044008472084e+01
1.940000000000000000e+02 7.050397198536709986e+00 1.154551425883546578e+01 1.603479064205081883e+01 1.938393159553620038e+01 2.254365920695750347e+01 2.562936114766107210e+01 2.534634034502211009e+01
1.950000000000000000e+02 7.050447269412294382e+00 1.154560114260785753e+01 1.603484599614034067e+01 1.938384318698087228e+01 2.254354842617291865e+01 2.562929032907168647e+01 2.534626187167383549e+01
1.960000000000000000e+02 7.050485458861199817e+00 1.154567308145450433e+01 1.603489925543915007e+01 1.938375280815769131e+01 2.254344172028182314e+01 2.562923126721514677e+01 2.534619583652548513e+01
1.970000000000000000e+02 7.050534046280840350e+00 1.154575662437807715e+01 1.603495211534192677e+01 1.938366329747337247e+01 2.254333242596937126e+01 2.562916466994169795e+01 2.534612130457533041e+01
1.980000000000000000e+02 7.050572090101450584e+00 1.154582695432656436e+01 1.603500288686236175e+01 1.938357231737755981e+01 2.254322708702800426e+01 2.562910840933569290e+01 2.534605772289884129e+01
1.990000000000000000e+02 7.050620484856268355e+00 1.154590856046837111e+01 1.603505314039718854e+01 1.938348240842812231e+01 2.254311933862551598e+01 2.562904492989942895e+01 2.534598606839923107e+01
2.000000000000000000e+02 7.050658290346889956e+00 1.154597715126188362e+01 1.603510134682328570e+01 1.938339108377328301e+01 2.254301555078086494e+01 2.562899144357347581e+01 2.534592503114832951e+01
2.010000000000000000e+02 7.050706378863583979e+00 1.154605675014642685e+01 1.603514898561867241e+01 1.938330088355305847e+01 2.254290938150708001e+01 2.562893131651562584e+01 2.534585624264364156e+01
2.020000000000000000e+02 7.050743892626032405e+00 1.154612358502374292e+01 1.603519460714749556e+01 1.938320936045728615e+01 2.254280718989934940e+01 2.562888062309218284e+01 2.534579768676789513e+01
2.030000000000000000e+02 7.050791613086012433e+00 1.154620115794898005e+01 1.603523962339619757e+01 1.938311899070335187e+01 2.254270262775191824e+01 2.562882348450864711e+01 2.534573169560227512e+01
2.040000000000000000e+02 7.050828793489627877e+00 1.154626622720023299e+01 1.603528265519823393e+01 1.938302739691942733e+01 2.254260205895536728e+01 2.562877541010434257e+01 2.534567556803780874e+01
2.050000000000000000e+02 7.050865271719191085e+00 1.154632950773085653e+01 1.603532373601054672e+01 1.938293719379552371e+01 2.254250378780084318e+01 2.562872935921871331e+01 2.534562134595178406e+01
2.060000000000000000e+02 7.050911691646666313e+00 1.154640335523493810e+01 1.603536483674568913e+01 1.938284651766307931e+01 2.254240170597726589e+01 2.562867694909083838e+01 2.534555977311498864e+01
2.070000000000000000e+02 7.050948283536700778e+00 1.154646571427254287e+01 1.603540392244279644e+01 1.938275516468979376e+01 2.254230373336442739e+01 2.562863274806178282e+01 2.534550715886925332e+01
2.080000000000000000e+02 7.050984149854194527e+00 1.154652631411255115e+01 1.603544112768135577e+01 1.938266528345932116e+01 2.254220803564809472e+01 2.562859043320490926e+01 2.534545634982443474e+01
2.090000000000000000e+02 7.051029796339463473e+00 1.154659708593404588e+01 1.603547829461108876e+01 1.938257481882617483e+01 2.254210846475394803e+01 2.562854230061184424e+01 2.534539863373427693e+01
2.100000000000000000e+02 7.051065743319293588e+00 1.154665679324152450e+01 1.603551351716224360e+01 1.938248384946929193e+01 2.254201301336918917e+01 2.562850174843086037e+01 2.534534934581345311e+01
2.110000000000000000e+02 7.051100967091655569e+00 1.154671481508062847e+01 1.603554695657849649e+01 1.938239435987879133e+01 2.254191974389818398e+01 2.562846294525435553e+01 2.534530173709512368e+01
2.120000000000000000e+02 7.051145760106716232e+00 1.154678253699615453e+01 1.603558022854863552e+01 1.938230435919723860e+01 2.254182272071237136e+01 2.562841889058360323e+01 2.534524770166486007e+01
2.130000000000000000e+02 7.051180971311913126e+00 1.154683959096017176e+01 1.603561164714534826e+01 1.938221398191647538e+01 2.254172979895673379e+01 2.562838181448666930e+01 2.534520159987565435e+01
2.140000000000000000e+02 7.051215466356129724e+00 1.154689503703396092e+01 1.603564138353815238e+01 1.938212507210610980e+01 2.254163895498954773e+01 2.562834635391189408e+01 2.534515705288782783e+01
2.150000000000000000e+02 7.051249010852913557e+00 1.154694851322230065e+01 1.603566930433770565e+01 1.938203822883302152e+01 2.254155077544776375e+01 2.562831212396460501e+01 2.534511425501587212e+01
2.160000000000000000e+02 7.051292166422409302e+00 1.154701183649019036e+01 1.603569749254930343e+01 1.938194905290677994e+01 2.254145722278212816e+01 2.562827368264189332e+01 2.534506511367004578e+01
2.170000000000000000e+02 7.051326171639821005e+00 1.154706519620677163e+01 1.603572387456257431e+01 1.938186003041288430e+01 2.254136795050199638e+01 2.562824099117671750e+01 2.534502309922506669e+01
2.180000000000000000e+02 7.051359418307117544e+00 1.154711696817960487e+01 1.603574867270424775e+01 1.938177258063153729e+01 2.254128075152966204e+01 2.562820951492409094e+01 2.534498254810769780e+01
2.190000000000000000e+02 7.051391698072779768e+00 1.154716684332254317e+01 1.603577179961065013e+01 1.938168724365572260e+01 2.254119614284338979e+01 2.562818004807052219e+01 2.534494375789108744e+01
2.200000000000000000e+02 7.051433271206088982e+00 1.154722601224394651e+01 1.603579504244802578e+01 1.938159934231675763e+01 2.254110607560362922e+01 2.562814589566717771e+01 2.534489890063018791e+01
2.210000000000000000e+02 7.051465973184185998e+00 1.154727579158284101e+01 1.603581662809160235e+01 1.938151179207016739e+01 2.254102025579826574e+01 2.562811727769166126e+01 2.534486068990171859e+01
2.220000000000000000e+02 7.051497917740458199e+00 1.154732406692720481e+01 1.603583676056105389e+01 1.938142579598511261e+01 2.254093639313079578e+01 2.562808999270870203e+01 2.534482379492846249e+01
2.230000000000000000e+02 7.051528922678649280e+00 1.154737057771186137e+01 1.603585538928798471e+01 1.938134183227484542e+01 2.254085493639148297e+01 2.562806362183997422e+01 2.534478833536819664e+01
2.240000000000000000e+02 7.051558856451064727e+00 1.154741514961802018e+01 1.603587250172279255e+01 1.938126025932451668e+01 2.254077620799098014e+01 2.562803934650062843e+01 2.534475463774161597e+01
2.250000000000000000e+02 7.051598055214073568e+00 1.154746900973484003e+01 1.603588983645224531e+01 1.938117433293202652e+01 2.254069053324419514e+01 2.562801054721400718e+01 2.534471487079920848e+01
2.260000000000000000e+02 7.051628827708616321e+00 1.154751419996195594e+01 1.603590567626728003e+01 1.938108920466298457e+01 2.254060920834896464e+01 2.562798653951456274e+01 2.534468107702154782e+01
2.270000000000000000e+02 7.051658810724780402e+00 1.154755793934247166e+01 1.603592020729928080e+01 1.938100568333251061e+01 2.254052978337536217e+01 2.562796370294464765e+01 2.534464846853667552e+01
2.280000000000000000e+02 7.051687854896446339e+00 1.154760002189782497e+01 1.603593341851969356e+01 1.938092417472623197e+01 2.254045263060324089e+01 2.562794160958624445e+01 2.534461713090652069e+01
2.290000000000000000e+02 7.051715864635282216e+00 1.154764033096544473e+01 1.603594532884953949e+01 1.938084494675225855e+01 2.254037798288998573e+01 2.562792135792494363e+01 2.534458733545426767e+01
2.300000000000000000e+02 7.051742859061895352e+00 1.154767891634702615e+01 1.603595600601577686e+01 1.938076795858573931e+01 2.254030577806810598e+01 2.562790151312629305e+01 2.534455871085972589e+01
2.310000000000000000e+02 7.051778854377941386e+00 1.154772646931664148e+01 1.603596671282473451e+01 1.938068495106800881e+01 2.254022535669718152e+01 2.562787885940012345e+01 2.534452453568998465e+01
2.320000000000000000e+02 7.051807002945495562e+00 1.154776621140093518e+01 1.603597617890673277e+01 1.938060311633432775e+01 2.254014928885887414e+01 2.562785958959797128e+01 2.534449543085052525e+01
2.330000000000000000e+02 7.051834344037592572e+00 1.154780458951625377e+01 1.603598451700455385e+01 1.938052288788611222e+01 2.254007500932697283e+01 2.562784111197251136e+01 2.534446737543528272e+01
2.340000000000000000e+02 7.051860761170465786e+00 1.154784145128936679e+01 1.603599174887622780e+01 1.938044459487947080e+01 2.254000281320257670e+01 2.562782399353861962e+01 2.534444052065106590e+01
2.350000000000000000e+02 7.051886192178693946e+00 1.154787672693955614e+01 1.603599791348418790e+01 1.938036842713515995e+01 2.253993285924385503e+01 2.562780725714848273e+01 2.534441470945986907e+01
2.360000000000000000e+02 7.051910663876215679e+00 1.154791047278993510e+01 1.603600307073122622e+01 1.938029431920010737e+01 2.253986506844942994e+01 2.562779214131097660e+01 2.534439017992369969e+01
2.370000000000000000e+02 7.051934277823285413e+00 1.154794284865156229e+01 1.603600728966003075e+01 1.938022197742206387e+01 2.253979915359494868e+01 2.562777709303951923e+01 2.534436645640190733e+01
2.380000000000000000e+02 7.051957165288588847e+00 1.154797405317800596e+01 1.603601063285949024e+01 1.938015100541241509e+01 2.253973473668670024e+01 2.562776354361307085e+01 2.534434375292591923e+01
2.390000000000000000e+02 7.051979435794769380e+00 1.154800425276933140e+01 1.603601314662451927e+01 1.938008105974449435e+01 2.253967149129274006e+01 2.562774981114982964e+01 2.534432155410632248e+01
2.400000000000000000e+02 7.052001160767360055e+00 1.154803356008918058e+01 1.603601486228073725e+01 1.938001190413001495e+01 2.253960919086145509e+01 2.562773744285905408e+01 2.534430015550510618e+01
2.410000000000000000e+02 7.052022378465289343e+00 1.154806204125620006e+01 1.603601580163244478e+01 1.937994340153591111e+01 2.253954770042232170e+01 2.562772479139515625e+01 2.534427911329434124e+01
2.420000000000000000e+02 7.052043105687139324e+00 1.154808973265719274e+01 1.603601598169894160e+01 1.937987547947039602e+01 2.253948694447400314e+01 2.562771342887628734e+01 2.534425877631718649e+01
2.430000000000000000e+02 7.052063346571711300e+00 1.154811665337001969e+01 1.603601541743107717e+01 1.937980810335214699e+01 2.253942688240437420e+01 2.562770175546449636e+01 2.534423874218539297e+01
2.440000000000000000e+02 7.052083098438387765e+00 1.154814281331981540e+01 1.603601412304819362e+01 1.937974125855616947e+01 2.253936749209631785e+01 2.562769131933010414e+01 2.534421937008978176e+01
2.450000000000000000e+02 7.052102355437274817e+00 1.154816821781681746e+01 1.603601211256649961e+01 1.937967494085217268e+01 2.253930876098194958e+01 2.562768056403098171e+01 2.534420027690656596e+01
2.460000000000000000e+02 7.052121110291602157e+00 1.154819286994742100e+01 1.603600939994169750e+01 1.937960915123453987e+01 2.253925068140387467e+01 2.562767100007030407e+01 2.534418181713592233e+01
2.470000000000000000e+02 7.052139355050758063e+00 1.154821677176273376e+01 1.603600599917553993e+01 1.937954389315027015e+01 2.253919324799805324e+01 2.562766111261765190e+01 2.534416361994349742e+01
2.480000000000000000e+02 7.052157081465174393e+00 1.154823992481957973e+01 1.603600192430646487e+01 1.937947917132523656e+01 2.253913645674239064e+01 2.562765237177270095e+01 2.534414603127643417e+01
2.490000000000000000e+02 7.052174281330585437e+00 1.154826233053027806e+01 1.603599718939970131e+01 1.937941499085657426e+01 2.253908030399543705e+01 2.562764330335602025e+01 2.534412869061804940e+01
2.500000000000000000e+02 7.052190946391276860e+00 1.154828399018784424e+01 1.603599180853673545e+01 1.937935135707175505e+01 2.253902478648573293e+01 2.562763533723393294e+01 2.534411193449798105e+01
2.510000000000000000e+02 7.052207068636082710e+00 1.154830490520426878e+01 1.603598579580855699e+01 1.937928827511479923e+01 2.253896990083082841e+01 2.562762703900193273e+01 2.534409541206447969e+01
2.520000000000000000e+02 7.052222640193958725e+00 1.154832507704623801e+01 1.603597916529759360e+01 1.937922575010704307e+01 2.253891564380540657e+01 2.562761979912777832e+01 2.534407945043720645e+01
2.530000000000000000e+02 7.052237653512439586e+00 1.154834450735821960e+01 1.603597193106976704e+01 1.937916378683976149e+01 2.253886201192486638e+01 2.562761222206991718e+01 2.534406370808158826e+01
2.540000000000000000e+02 7.052252101099557358e+00 1.154836319782581455e+01 1.603596410714210663e+01 1.937910238999639034e+01 2.253880900177300362e+01 2.562760565994087258e+01 2.534404850288995803e+01
2.550000000000000000e+02 7.052265975887436866e+00 1.154838115036069190e+01 1.603595570750558608e+01 1.937904156391099164e+01 2.253875660971392492e+01 2.562759875516355024e+01 2.534403350233698404e+01
2.560000000000000000e+02 7.052279270824005408e+00 1.154839836688739396e+01 1.603594674610144821e+01 1.937898131280477187e+01 2.253870483215921539e+01 2.562759282258558358e+01 2.534401901536200441e+01
2.570000000000000000e+02 7.052291979057009996e+00 1.154841484945495900e+01 1.603593723678750749e+01 1.937892164044540166e+01 2.253865366520612312e+01 2.562758654141048353e+01 2.534400471837790647e+01
2.580000000000000000e+02 7.052304094828596881e+00 1.154843060065536875e+01 1.603592719356615248e+01 1.937886255069895824e+01 2.253860310517932319e+01 2.562758119048393368e+01 2.534399091149361638e+01
2.590000000000000000e+02 7.052315611416458019e+00 1.154844562264286978e+01 1.603591663005934009e+01 1.937880404682352165e+01 2.253855314797608145e+01 2.562757548489480897e+01 2.534397727969876613e+01
2.600000000000000000e+02 7.052326522552496257e+00 1.154845991776507574e+01 1.603590555990166422e+01 1.937874613199962681e+01 2.253850378959316814e+01 2.562757066838702613e+01 2.534396411484927825e+01
2.610000000000000000e+02 7.052336822629930779e+00 1.154847348870789858e+01 1.603589399672252114e+01 1.937868880909727309e+01 2.253845502582086624e+01 2.562756549083642099e+01 2.534395111022261560e+01
2.620000000000000000e+02 7.052346505904934837e+00 1.154848633810118663e+01 1.603588195402744887e+01 1.937863208083646427e+01 2.253840685249572573e+01 2.562756116218974256e+01 2.534393854961540882e+01
2.630000000000000000e+02 7.052355567449736462e+00 1.154849846897703003e+01 1.603586944531046399e+01 1.937857594966034469e+01 2.253835926531632339e+01 2.562755646602862569e+01 2.534392613430676278e+01
2.640000000000000000e+02 7.052364002429603040e+00 1.154850988440121640e+01 1.603585648396738961e+01 1.937852041790405266e+01 2.253831226004044197e+01 2.562755257981039492e+01 2.534391414018550748e+01
2.650000000000000000e+02 7.052371805962158291e+00 1.154852058742291909e+01 1.603584308320007068e+01 1.937846548744900588e+01 2.253826583211623458e+01 2.562754831944927147e+01 2.534390227647913818e+01
2.660000000000000000e+02 7.052378973455212474e+00 1.154853058120055564e+01 1.603582925613360644e+01 1.937841116012236498e+01 2.253821997711693470e+01 2.562754483101502245e+01 2.534389081168186664e+01
2.670000000000000000e+02 7.052385500650120598e+00 1.154853986907511576e+01 1.603581501579481738e+01 1.937835743737794658e+01 2.253817469038270360e+01 2.562754096167122242e+01 2.534387946253794865e+01
2.680000000000000000e+02 7.052391383606727793e+00 1.154854845450677558e+01 1.603580037514235812e+01 1.937830432063763197e+01 2.253812996739437935e+01 2.562753782747898867e+01 2.534386849033893085e+01
2.690000000000000000e+02 7.052396618616419310e+00 1.154855634107085116e+01 1.603578534696902835e+01 1.937825181092746263e+01 2.253808580338083445e+01 2.562753430556653100e+01 2.534385761907980594e+01
2.700000000000000000e+02 7.052401202196617369e+00 1.154856353242326250e+01 1.603576994398458666e+01 1.937819990923769709e+01 2.253804219369879291e+01 2.562753148323678687e+01 2.534384710324913570e+01
2.710000000000000000e+02 7.052405131056768361e+00 1.154857003231086310e+01 1.603575417872696107e+01 1.937814861615882123e+01 2.253799913344993300e+01 2.562752826625343872e+01 2.534383667381738192e+01
2.720000000000000000e+02 7.052408402271532317e+00 1.154857584461034392e+01 1.603573806365978882e+01 1.937809793228024802e+01 2.253795661791778215e+01 2.562752571454901229e+01 2.534382657877467437e+01
2.730000000000000000e+02 7.052411013152433128e+00 1.154858097331456079e+01 1.603572161108209215e+01 1.937804785780628336e+01 2.253791464212023143e+01 2.562752276119950423e+01 2.534381655571989356e+01
2.740000000000000000e+02 7.052412961107039635e+00 1.154858542244368813e+01 1.603570483319781559e+01 1.937799839291522375e+01 2.253787320121189097e+01 2.562752044010429842e+01 2.534380684654357196e+01
2.750000000000000000e+02 7.052414243975701602e+00 1.154858919616339463e+01 1.603568774201031388e+01 1.937794953738810122e+01 2.253783229006951672e+01 2.562751771020404945e+01 2.534379719522408081e+01
2.760000000000000000e+02 7.052414859929792890e+00 1.154859229909379259e+01 1.603567034772596145e+01 1.937790128639880649e+01 2.253779189993080223e+01 2.562751558086960912e+01 2.534378783680388025e+01
2.770000000000000000e+02 7.052414807108672967e+00 1.154859473520805757e+01 1.603565266340949691e+01 1.937785364340725991e+01 2.253775202901743313e+01 2.562751303595335983e+01 2.534377852206432991e+01
2.780000000000000000e+02 7.052414084194202459e+00 1.154859650906041679e+01 1.603563470051047446e+01 1.937780660731398896e+01 2.253771267188696470e+01 2.562751106085587338e+01 2.534376948152145914e+01
2.790000000000000000e+02 7.052412689705425564e+00 1.154859762500086084e+01 1.603561647063845541e+01 1.937776017794646677e+01 2.253767382396450358e+01 2.562750866303994712e+01 2.534376047099817342e+01
2.800000000000000000e+02 7.052410622984052857e+00 1.154859808772531693e+01 1.603559798522207558e+01 1.937771435461860037e+01 2.253763548033111874e+01 2.562750680607231146e+01 2.534375171592736464e+01
2.810000000000000000e+02 7.052407883213248851e+00 1.154859790188232438e+01 1.603557925538168050e+01 1.937766913610052910e+01 2.253759763575986952e+01 2.562750451896192772e+01 2.534374297725002023e+01
2.820000000000000000e+02 7.052404469220410199e+00 1.154859707190800222e+01 1.603556029211130962e+01 1.937762452126870727e+01 2.253756028529908306e+01 2.562750274515050108e+01 2.534373447566343884e+01
2.830000000000000000e+02 7.052400381073050895e+00 1.154859560277827590e+01 1.603554110647657183e+01 1.937758050894176876e+01 2.253752342394840724e+01 2.562750053354092117e+01 2.534372597719008624e+01
2.840000000000000000e+02 7.052395619641281144e+00 1.154859349981361483e+01 1.603552170887470751e+01 1.937753709634829491e+01 2.253748704548710080e+01 2.562749880891270848e+01 2.534371769792558027e+01
2.850000000000000000e+02 7.052390184946367491e+00 1.154859076788830308e+01 1.603550211088915489e+01 1.937749428415995112e+01 2.253745114669269967e+01 2.562749663876498118e+01 2.534370940884873136e+01
2.860000000000000000e+02 7.052384076663945400e+00 1.154858741166199643e+01 1.603548232183528555e+01 1.937745206819136357e+01 2.253741572040754448e+01 2.562749493094862530e+01 2.534370132195254044e+01
2.870000000000000000e+02 7.052377295569048243e+00 1.154858343626619188e+01 1.603546235255973329e+01 1.937741044773235899e+01 2.253738076245559796e+01 2.562749276977451274e+01 2.534369321227023519e+01
2.880000000000000000e+02 7.052369843557765527e+00 1.154857884734820672e+01 1.603544221326154329e+01 1.937736942055138556e+01 2.253734626748868308e+01 2.562749104790402299e+01 2.534368528866667702e+01
2.890000000000000000e+02 7.052361721538854766e+00 1.154857365000457570e+01 1.603542191352310553e+01 1.937732898367356071e+01 2.253731222959639879e+01 2.562748886464873266e+01 2.534367732958236274e+01
2.900000000000000000e+02 7.052352930664588015e+00 1.154856784946386128e+01 1.603540146366478680e+01 1.937728913589431556e+01 2.253727864449102114e+01 2.562748709886981402e+01 2.534366954111088077e+01
2.910000000000000000e+02 7.052343472055981444e+00 1.154856145078519702e+01 1.603538087250185029e+01 1.937724987310624059e+01 2.253724550552072259e+01 2.562748486338363207e+01 2.534366170484451430e+01
2.920000000000000000e+02 7.052333348442931360e+00 1.154855445989558937e+01 1.603536015056875286e+01 1.937721119456630703e+01 2.253721280897321222e+01 2.562748302503965547e+01 2.534365402418664814e+01
2.930000000000000000e+02 7.052322561878310303e+00 1.154854688219019110e+01 1.603533930637059157e+01 1.937717309586942704e+01 2.253718054811801252e+01 2.562748070855221272e+01 2.534364628366006045e+01
2.940000000000000000e+02 7.052311114466557562e+00 1.154853872323680619e+01 1.603531834985355076e+01 1.937713557574360834e+01 2.253714871901777883e+01 2.562747877020414577e+01 2.534363868440682310e+01
2.950000000000000000e+02 7.052299008642754607e+00 1.154852998850011936e+01 1.603529728928209863e+01 1.937709862978035957e+01 2.253711731512771266e+01 2.562747634500337668e+01 2.534363101357280357e+01
2.960000000000000000e+02 7.052286248004585367e+00 1.154852068418257005e+01 1.603527613447023725e+01 1.937706225651277592e+01 2.253708633251504878e+01 2.562747428053750554e+01 2.534362347018814532e+01
2.970000000000000000e+02 7.052272835152326280e+00 1.154851081574209104e+01 1.603525489342887056e+01 1.937702645156151604e+01 2.253705576483298501e+01 2.562747172041528287e+01 2.534361584374628507e+01
2.980000000000000000e+02 7.052258773701328920e+00 1.154850038928846523e+01 1.603523357541016026e+01 1.937699121287141679e+01 2.253702560783768760e+01 2.562746950493232490e+01 2.534360833171846750e+01
2.990000000000000000e+02 7.052244066719424609e+00 1.154848941041514188e+01 1.603521218825473227e+01 1.937695653616876257e+01 2.253699585545027162e+01 2.562746678475565076e+01 2.534360072549769427e+01
3.000000000000000000e+02 7.052228718941737640e+00 1.154847788584043755e+01 1.603519074157723523e+01 1.937692242018530209e+01 2.253696650433388271e+01 2.562746439457339420e+01 2.534359322146831417e+01
3.010000000000000000e+02 7.052212733833258085e+00 1.154846582120024578e+01 1.603516924269212396e+01 1.937688886009809863e+01 2.253693754813189543e+01 2.562746149042860466e+01 2.534358561236360075e+01
3.020000000000000000e+02 7.052196115929609377e+00 1.154845322283520304e+01 1.603514769997007505e+01 1.937685585295427160e+01 2.253690898221321604e+01 2.562745890303677143e+01 2.534357809350501256e+01
3.030000000000000000e+02 7.052178869380160364e+00 1.154844009670005889e+01 1.603512612086517919e+01 1.937682339454372027e+01 2.253688080091919588e+01 2.562745579224992198e+01 2.534357045889371207e+01
3.040000000000000000e+02 7.052160998994752461e+00 1.154842644912144856e+01 1.603510451321872665e+01 1.937679148141496199e+01 2.253685299935983721e+01 2.562745298624610513e+01 2.534356290337537487e+01
3.050000000000000000e+02 7.052142509521105218e+00 1.154841228627045169e+01 1.603508288435825690e+01 1.937676010950477945e+01 2.253682557215238091e+01 2.562744964739917108e+01 2.534355522179387421e+01
3.060000000000000000e+02 7.052123406171031839e+00 1.154839761456575253e+01 1.603506124175829939e+01 1.937672927512947041e+01 2.253679851435399328e+01 2.562744660270521635e+01 2.534354760888719582e+01
3.070000000000000000e+02 7.052103694156248714e+00 1.154838244031624939e+01 1.603503959249399458e+01 1.937669897417836751e+01 2.253677182069274920e+01 2.562744301569594896e+01 2.534353985995789671e+01
3.080000000000000000e+02 7.052083379092839444e+00 1.154836677003565626e+01 1.603501794370942335e+01 1.937666920279855631e+01 2.253674548623913410e+01 2.562743971348443139e+01 2.534353216993181590e+01
3.090000000000000000e+02 7.052062466625489634e+00 1.154835061014709474e+01 1.603499630218117744e+01 1.937663995675966078e+01 2.253671950576690008e+01 2.562743585946492431e+01 2.534352433425059914e+01
3.100000000000000000e+02 7.052040962626783482e+00 1.154833396719057426e+01 1.603497467468303128e+01 1.937661123200441438e+01 2.253669387431361670e+01 2.562743228205196289e+01 2.534351654835747780e+01
3.110000000000000000e+02 7.052018873766961349e+00 1.154831684801754399e+01 1.603495306786193808e+01 1.937658302433798596e+01 2.253666858682530005e+01 2.562742814341325115e+01 2.534350860745143663e+01
3.120000000000000000e+02 7.051996206093973818e+00 1.154829925915824873e+01 1.603493148809841884e+01 1.937655532948179271e+01 2.253664363829700790e+01 2.562742427439932413e+01 2.534350070775339958e+01
3.130000000000000000e+02 7.051972965657193448e+00 1.154828120703913719e+01 1.603490994142805448e+01 1.937652814284147951e+01 2.253661902347668899e+01 2.562741983463521223e+01 2.534349264415857306e+01
3.140000000000000000e+02 7.051949159298858127e+00 1.154826269849006160e+01 1.603488843403345498e+01 1.937650146011693053e+01 2.253659473747390152e+01 2.562741565852218173e+01 2.534348461385413032e+01
3.150000000000000000e+02 7.051924793873560304e+00 1.154824374023879408e+01 1.603486697174646380e+01 1.937647527668714531e+01 2.253657077514660045e+01 2.562741090234026231e+01 2.534347641101294357e+01
3.160000000000000000e+02 7.051899876622504948e+00 1.154822433922050529e+01 1.603484556043870413e+01 1.937644958812095908e+01 2.253654713162401890e+01 2.562740640492629396e+01 2.534346823403678783e+01
3.170000000000000000e+02 7.051874414481153153e+00 1.154820450209178873e+01 1.603482420552922960e+01 1.937642438958445368e+01 2.253652380171213210e+01 2.562740131822567591e+01 2.534345987624061891e+01
3.180000000000000000e+02 7.051848414859715142e+00 1.154818423577230391e+01 1.603480291251101164e+01 1.937639967646833483e+01 2.253650078051940753e+01 2.562739648630944700e+01 2.534345153746872015e+01
3.190000000000000000e+02 7.051821884996221534e+00 1.154816354696323621e+01 1.603478168646498503e+01 1.937637544380788057e+01 2.253647806286510047e+01 2.562739105603663248e+01 2.534344300996347599e+01
3.200000000000000000e+02 7.051794832700767124e+00 1.154814244268276902e+01 1.603476053258329870e+01 1.937635168689380905e+01 2.253645564389718814e+01 2.562738587747096730e+01 2.534343449515186109e+01
3.210000000000000000e+02 7.051767265692409303e+00 1.154812092963017633e+01 1.603473945560403990e+01 1.937632840064031470e+01 2.253643351843551912e+01 2.562738009167979314e+01 2.534342578402009138e+01
3.220000000000000000e+02 7.051739191621710923e+00 1.154809901493014479e+01 1.603471846040049797e+01 1.937630558021366411e+01 2.253641168167163045e+01 2.562737455535474140e+01 2.534341707977233682e+01
3.230000000000000000e+02 7.051710618456015212e+00 1.154807670523265983e+01 1.603469755134037911e+01 1.937628322038701256e+01 2.253639012841043865e+01 2.562736840318591902e+01 2.534340817199586837e+01
3.240000000000000000e+02 7.051681554388957274e+00 1.154805400760005440e+01 1.603467673293804197e+01 1.937626131619532899e+01 2.253636885383344080e+01 2.562736249895978702e+01 2.534339926573517232e+01
3.250000000000000000e+02 7.051652007321787430e+00 1.154803092875229176e+01 1.603465600924949896e+01 1.937623986232145867e+01 2.253634785280103259e+01 2.562735597054385295e+01 2.534339014909766874e+01
3.260000000000000000e+02 7.051621985822803751e+00 1.154800747587053067e+01 1.603463538453610937e+01 1.937621885377915021e+01 2.253632712057330778e+01 2.562734968931786383e+01 2.534338102909481805e+01
3.270000000000000000e+02 7.051591498227566035e+00 1.154798365553484629e+01 1.603461486246496648e+01 1.937619828510829123e+01 2.253630665196220306e+01 2.562734277580970499e+01 2.534337169220889407e+01
3.280000000000000000e+02 7.051560553102488527e+00 1.154795947482880081e+01 1.603459444690451363e+01 1.937617815115851627e+01 2.253628644221887356e+01 2.562733610928794903e+01 2.534336234751162920e+01
3.290000000000000000e+02 7.051529158455303481e+00 1.154793494045738456e+01 1.603457414125254132e+01 1.937615844642742502e+01 2.253626648627042428e+01 2.562732880276769265e+01 2.534335277984302337e+01
3.300000000000000000e+02 7.051497323481484614e+00 1.154791005942371918e+01 1.603455394905866527e+01 1.937613916570570183e+01 2.253624677938116960e+01 2.562732174367078741e+01 2.534334320032219878e+01
3.310000000000000000e+02 7.051465056701072598e+00 1.154788483849244862e+01 1.603453387346577586e+01 1.937612030348224579e+01 2.253622731653829803e+01 2.562731403716543710e+01 2.534333339203293178e+01
3.320000000000000000e+02 7.051432366936595031e+00 1.154785928461448030e+01 1.603451391766025935e+01 1.937610185441061716e+01 2.253620809302339723e+01 2.562730657905065002e+01 2.534332356830696042e+01
