0.000000000000000000e+00
2.503432772340590586e-05
5.332311805085457101e-05
8.528945112087155057e-05
1.214114074899907590e-04
1.622292181870954337e-04
2.083533442748237530e-04
2.604736067539567003e-04
3.193695033553769764e-04
3.859218665149818451e-04
4.611260368853353515e-04
5.461067494038347563e-04
6.421349545497392073e-04
7.506468263646110667e-04
8.732652415154164120e-04
1.011824050635826405e-03
1.168395504941889757e-03
1.345321248307741139e-03
1.545247338311153207e-03
1.771163820015008664e-03
2.026449444340365762e-03
2.314922199828018789e-03
2.640896413529066674e-03
3.009247275011250802e-03
3.425483748486119438e-03
3.895830963512720430e-03
4.427323316492779402e-03
5.027909675360246571e-03
5.706572260880483916e-03
6.473460982518351725e-03
7.340045237969142558e-03
8.319285446628537153e-03
9.425826882413650826e-03
1.067621870485083169e-02
1.208916146420484401e-02
1.368578678227487869e-02
1.548997339169401639e-02
1.752870426033764639e-02
1.983247014190494401e-02
2.243572558807598732e-02
2.537740424224927197e-02
2.870150112146508184e-02
3.245773059497894519e-02
3.670226990004960693e-02
4.149859931477945657e-02
4.691845155342418833e-02
5.304288458309273924e-02
5.996349390661819684e-02
6.778378244220197024e-02
7.662070848741162066e-02
8.660643491849852327e-02
9.789030578562672724e-02
1.106410798654815925e-01
1.250494545757175890e-01
1.413309179982842612e-01
1.597289716657846192e-01
1.805187723100599995e-01
2.040112470380912035e-01
2.305577434807664361e-01
2.605552844609894669e-01
2.944525057686414593e-01
3.327563658462882601e-01
3.760397277340291056e-01
4.249499266671762365e-01
4.802184514616325006e-01
5.426718844793680940e-01
6.132442637894093274e-01
6.929910524097557811e-01
7.831049235507473449e-01
8.849335979400678731e-01
1.000000000000000000e+00
0.000000000000000000e+00
2.503432772340590586e-05
5.332311805085457101e-05
8.528945112087155057e-05
1.214114074899907590e-04
1.622292181870954337e-04
2.083533442748237530e-04
2.604736067539567003e-04
3.193695033553769764e-04
3.859218665149818451e-04
4.611260368853353515e-04
5.461067494038347563e-04
6.421349545497392073e-04
7.506468263646110667e-04
8.732652415154164120e-04
1.011824050635826405e-03
1.168395504941889757e-03
1.345321248307741139e-03
1.545247338311153207e-03
1.771163820015008664e-03
2.026449444340365762e-03
2.314922199828018789e-03
2.640896413529066674e-03
3.009247275011250802e-03
3.425483748486119438e-03
3.895830963512720430e-03
4.427323316492779402e-03
5.027909675360246571e-03
5.706572260880483916e-03
6.473460982518351725e-03
7.340045237969142558e-03
8.319285446628537153e-03
9.425826882413650826e-03
1.067621870485083169e-02
1.208916146420484401e-02
1.368578678227487869e-02
1.548997339169401639e-02
1.752870426033764639e-02
1.983247014190494401e-02
2.243572558807598732e-02
2.537740424224927197e-02
2.870150112146508184e-02
3.245773059497894519e-02
3.670226990004960693e-02
4.149859931477945657e-02
4.691845155342418833e-02
5.304288458309273924e-02
5.996349390661819684e-02
6.778378244220197024e-02
7.662070848741162066e-02
8.660643491849852327e-02
9.789030578562672724e-02
1.106410798654815925e-01
1.250494545757175890e-01
1.413309179982842612e-01
1.597289716657846192e-01
1.805187723100599995e-01
2.040112470380912035e-01
2.305577434807664361e-01
2.605552844609894669e-01
2.944525057686414593e-01
3.327563658462882601e-01
3.760397277340291056e-01
4.249499266671762365e-01
4.802184514616325006e-01
5.426718844793680940e-01
6.132442637894093274e-01
6.929910524097557811e-01
7.831049235507473449e-01
8.849335979400678731e-01
1.000000000000000000e+00
7.000000000000000000e+01
