1.251716386170295293e-05 6.508925207835568327e-02 3.765861475164564344e-07 9.819169753345297277e+07 -4.195358386536102231e-11
3.917872288713023844e-05 2.037258881172811509e-01 5.693502226131069054e-06 1.572755610328993388e+07 -1.882256858437894377e-09
6.930628458586305740e-05 3.603808512082231075e-01 4.734867673654980891e-05 4.760734614494150504e+06 -5.171171411690340599e-08
1.033504293054311480e-04 5.373952546443325762e-01 2.092120824305617952e-04 1.987537499040596886e+06 -5.473031030242217182e-07
1.418203128385430963e-04 7.374139780963221424e-01 6.625194406947595245e-04 9.945724827674098779e+05 -3.463393707971080386e-06
1.852912812309596069e-04 9.634242207729422081e-01 1.721766544979110893e-03 5.569050033357000211e+05 -1.607336688821448767e-05
2.344134755143902266e-04 1.218796936574499057e+00 3.934429639437298822e-03 3.362174711359850480e+05 -6.083163424216329266e-05
2.899215550546668384e-04 1.507327413550147321e+00 8.220820467396095996e-03 2.141640974423722073e+05 -1.994985375154410855e-04
3.526456849351793836e-04 1.833264086865757481e+00 1.608720506490685445e-02 1.420417808085843280e+05 -5.883160873064936010e-04
4.235239517001585983e-04 2.201297378732980814e+00 2.994010572418486643e-02 9.730113163208570040e+04 -1.596430310661783869e-03
5.036163931445850539e-04 2.616442057943523913e+00 5.352235636143609643e-02 6.852858116395506659e+04 -4.040658997536739766e-03
5.941208519767869276e-04 3.083672466452120009e+00 9.244266523219366039e-02 4.952636230412166333e+04 -9.596746706702893870e-03
6.963908904571750828e-04 3.607060811923444632e+00 1.546149135487061566e-01 3.672568820293019235e+04 -2.136804740956707929e-02
8.119560339400137394e-04 4.188112759297716536e+00 2.500754316757312634e-01 2.796012624721272732e+04 -4.428109023132799360e-02
9.425446460756214083e-04 4.823286037336372623e+00 3.891894778926560106e-01 2.184816950723074842e+04 -8.441321197031528833e-02
1.090109777788858189e-03 5.501689508800762241e+00 5.784310848376543746e-01 1.747495471391232786e+04 -1.462919866343727338e-01
1.256858376624815556e-03 6.205172662048870080e+00 8.150144521795599228e-01 1.423084518287713945e+04 -2.290804864961898391e-01
1.445284293309447281e-03 6.912259767708577307e+00 1.084724014797293412e+00 1.172532060108534279e+04 -3.252695472411343269e-01
1.658205579163081044e-03 7.603964822387712985e+00 1.366229794429974831e+00 9.724587641763191641e+03 -4.240659783910376013e-01
1.898806632177687213e-03 8.267611542855817675e+00 1.638970429615635105e+00 8.094519373442629330e+03 -5.164037488053080382e-01
2.170685822084192276e-03 8.897148027690221284e+00 1.888701223207993607e+00 6.754852145403502618e+03 -5.973744067239967759e-01
2.477909306678542731e-03 9.491376718112851663e+00 2.108509176778902372e+00 5.651084019970517147e+03 -6.656954616476979947e-01
2.825071844270158738e-03 1.005190841283567238e+01 2.297043475421720604e+00 4.741208815340221008e+03 -7.221560123488309779e-01
3.217365511748684903e-03 1.058165995333548715e+01 2.456196623254625067e+00 3.990661025820792474e+03 -7.683652357458594651e-01
3.660657355999419934e-03 1.108396221989759134e+01 2.589316557324158552e+00 3.370566976888524096e+03 -8.060627961154372967e-01
4.161577140002750350e-03 1.156209921286191644e+01 2.700120678063074209e+00 2.856962510805255988e+03 -8.368243677681644899e-01
4.727616495926512986e-03 1.201910057976049018e+01 2.792140362307253376e+00 2.430176593866657640e+03 -8.619731864262220045e-01
5.367240968120365677e-03 1.245766878466177019e+01 2.868488848459219032e+00 2.074211444491765178e+03 -8.825811106281158391e-01
6.090016621699417820e-03 1.288017246402329619e+01 2.931801713588944924e+00 1.776134336534489194e+03 -8.995013870336248107e-01
6.906753110243746274e-03 1.328866939110838175e+01 2.984258900815288218e+00 1.525520325719471657e+03 -9.134079175539028261e-01
7.829665342298839856e-03 1.368494044891368056e+01 3.027638913962387601e+00 1.313969146474757281e+03 -9.248313967557896254e-01
8.872556164521094857e-03 1.407052560027764265e+01 3.063380587672163369e+00 1.134702083862606969e+03 -9.341894800989580805e-01
1.005102279363224126e-02 1.444675779307335972e+01 3.092641353021062578e+00 9.822338591534619354e+02 -9.418108538233604943e-01
1.138269008452783698e-02 1.481479322393761677e+01 3.116347822153314961e+00 8.521097128211822564e+02 -9.479540051034756054e-01
1.288747412323986222e-02 1.517563758908454119e+01 3.135237817697503537e+00 7.406966654818056668e+02 -9.528216868305635634e-01
1.458788008698444841e-02 1.553016850046322794e+01 3.149894409214968327e+00 6.450185875410516019e+02 -9.565719947012004676e-01
1.650933882601583053e-02 1.587915446557983401e+01 3.160773032907728819e+00 5.626261098032166501e+02 -9.593268179169714971e-01
1.868058720112129520e-02 1.622327088810902040e+01 3.168222854721745474e+00 4.914939741458719027e+02 -9.611782643414964467e-01
2.113409786499046566e-02 1.656311353029020950e+01 3.172503439100670342e+00 4.299398831541068944e+02 -9.621935221023723006e-01
2.390656491516263138e-02 1.689920983066684457e+01 3.173797626276604777e+00 3.765601581786739303e+02 -9.624185077331666172e-01
2.703945268185717690e-02 1.723202841343598024e+01 3.172221355106639606e+00 3.301785387194467489e+02 -9.618805638596475971e-01
3.057961585822201178e-02 1.756198706851503388e+01 3.167831018647279784e+00 2.898052714204542326e+02 -9.605904027920990629e-01
3.458000024751427259e-02 1.788945942849735360e+01 3.160628813008710125e+00 2.546042761995112187e+02 -9.585434417485959591e-01
3.910043460741453175e-02 1.821478052106986212e+01 3.150566436733813536e+00 2.238666734163166154e+02 -9.557206369788546763e-01
4.420852543410182245e-02 1.853825133282175841e+01 3.137547415488050717e+00 1.969893394032733624e+02 -9.520888947250321088e-01
4.998066806825846031e-02 1.886014248155129991e+01 3.121428262021236577e+00 1.734574531362283381e+02 -9.476011143846058138e-01
5.650318924485546457e-02 1.918069705763064192e+01 3.102018631208280031e+00 1.528302243915620693e+02 -9.421959016415009103e-01
6.387363817441008007e-02 1.950013265885804969e+01 3.079080592199692212e+00 1.347291691859405489e+02 -9.357969753619572728e-01
7.220224546480680239e-02 1.981864260530447552e+01 3.052327112924220209e+00 1.188284338246600242e+02 -9.283122807034862589e-01
8.161357170295507890e-02 2.013639627823138767e+01 3.021419836124621838e+00 1.048467738545753605e+02 -9.196328113962174422e-01
9.224837035206262525e-02 2.045353847672403447e+01 2.985966221992925718e+00 9.254087577819689159e+01 -9.096311359500602878e-01
1.042656928255541599e-01 2.077018762254451900e+01 2.945516143624661520e+00 8.169977298933883958e+01 -8.981596151660005134e-01
1.178452672205995977e-01 2.108643256128204868e+01 2.899558054461576440e+00 7.214015720044733371e+01 -8.850482914223025688e-01
1.331901862870009112e-01 2.140232759667221174e+01 2.847514913318706320e+00 6.370242583996116537e+01 -8.701024234575700511e-01
1.505299448320344402e-01 2.171788524091287087e+01 2.788740172728277233e+00 5.624733697961765699e+01 -8.530996334804162862e-01
1.701238719879223094e-01 2.203306594558211984e+01 2.722514344965086597e+00 4.965316827046164150e+01 -8.337866260598466583e-01
1.922650096740756154e-01 2.234776376218066574e+01 2.648043017258807197e+00 4.381329676062284761e+01 -8.118754298990716878e-01
2.172844952594288337e-01 2.266178641541660710e+01 2.564457797860010935e+00 3.863413384548744034e+01 -7.870391034178808587e-01
2.455565139708779654e-01 2.297482756907414370e+01 2.470822722185387565e+00 3.403336559654456295e+01 -7.589068313474848226e-01
2.775038951148154354e-01 2.328642797563122357e+01 2.366150463609161925e+00 2.993846550730462397e+01 -7.270583185193966180e-01
3.136044358074648875e-01 2.359592046481020589e+01 2.249435879344228617e+00 2.628546777984615801e+01 -6.910173500220538889e-01
3.543980467901586828e-01 2.390235085775511692e+01 2.119720100696817600e+00 2.301802103579581527e+01 -6.502443132251818358e-01
4.004948272006026988e-01 2.420436194543120223e+01 1.976208688101024791e+00 2.008679738596217845e+01 -6.041273172201321318e-01
4.525841890644043963e-01 2.450001868535166949e+01 1.818486498607136070e+00 1.744943643300714342e+01 -5.519711847909838376e-01
5.114451679705003251e-01 2.478653547094307896e+01 1.646908251125358547e+00 1.507141508678963682e+01 -4.929828168318028947e-01
5.779580741343887107e-01 2.505983092440609283e+01 1.463314391818167026e+00 1.292867912928749341e+01 -4.262502319650760541e-01
6.531176580995825542e-01 2.531375972176959266e+01 1.272359885664015922e+00 1.101382935740036828e+01 -3.507145877613726537e-01
7.380479879802515075e-01 2.553871056847884802e+01 1.083993159989584232e+00 9.349624047656799775e+00 -2.651690779647893903e-01
8.340192607454075535e-01 2.571900283374622020e+01 9.178704323643716023e-01 8.016459322532467624e+00 -1.684974743736870340e-01
9.424667989700339366e-01 2.582872109658870485e+01 8.093384163242939300e-01 7.196662707347964094e+00 -1.137779832512604145e-01
