4.276490211486816406e-02
5.565047264099121094e-02
7.090067863464355469e-02
8.906173706054687500e-02
1.114840507507324219e-01
1.402692794799804688e-01
1.781678199768066406e-01
2.285088300704956055e-01
2.951955795288085938e-01
3.828858137130737305e-01
4.974850416183471680e-01
6.468086242675781250e-01
8.402061462402343750e-01
1.086939573287963867e+00
1.393539309501647949e+00
1.764476418495178223e+00
2.265512228012084961e+00
2.850152730941772461e+00
3.538498163223266602e+00
4.369924545288085938e+00
5.462704658508300781e+00
6.838553428649902344e+00
8.518240928649902344e+00
1.043076801300048828e+01
1.253709697723388672e+01
1.486737251281738281e+01
1.744531631469726562e+01
2.029228591918945312e+01
2.342715072631835938e+01
2.686352729797363281e+01
3.060662651062011719e+01
3.464997863769531250e+01
3.897351074218750000e+01
4.355251312255859375e+01
4.839710998535156250e+01
5.361204528808593750e+01
5.942020416259765625e+01
6.613897705078125000e+01
7.411168670654296875e+01
8.359775543212890625e+01
9.466569519042968750e+01
1.071922760009765625e+02
1.209188308715820312e+02
1.355164947509765625e+02
1.513701324462890625e+02
1.688633880615234375e+02
1.879584197998046875e+02
2.086944122314453125e+02
2.310806427001953125e+02
2.548521423339843750e+02
2.796266784667968750e+02
3.046994934082031250e+02
3.293392028808593750e+02
3.524975891113281250e+02
3.733120422363281250e+02
3.917947082519531250e+02
4.064564208984375000e+02
4.195965270996093750e+02
4.241918945312500000e+02
4.226605834960937500e+02
4.060738830566406250e+02
3.905904541015625000e+02
3.665994567871093750e+02
3.343970642089843750e+02
3.432720947265625000e+02
