1.720144608779661992e-04 9.340888970585060902e-02 9.174054794187187431e-04 4.936278150766558247e+05
5.246441056777969170e-04 2.848356943873867619e-01 8.356377340403266241e-03 6.667579072981690115e+04
8.949052327176191396e-04 4.857575648774586363e-01 2.382903052567093144e-02 3.262488493788902269e+04
1.283679416109432311e-03 6.966188723060322552e-01 4.824455618626147940e-02 2.079455356718939947e+04
1.691892308670836249e-03 9.178678676740936737e-01 8.255420352430097031e-02 1.414707241651779259e+04
2.120515845860310514e-03 1.149948594462067097e+00 1.278013716660452992e-01 1.018219791907103900e+04
2.570570559909259034e-03 1.393291831525797608e+00 1.850647509263294022e-01 7.577057694434555742e+03
3.043128009660654200e-03 1.648301967912408239e+00 2.554677411601428139e-01 5.782560803817692431e+03
3.539313331899619428e-03 1.915342487950331574e+00 3.401206473149787080e-01 4.488294952022378311e+03
4.060307920250532873e-03 2.194716790418590691e+00 4.400779314921939300e-01 3.530843983955738622e+03
4.607352238018991991e-03 2.486647308982989468e+00 5.562656709253285259e-01 2.808255364832657506e+03
5.181748771675874152e-03 2.791251899303520467e+00 6.893993248286711673e-01 2.254517892492207011e+03
5.784865132015601721e-03 3.108518387358802482e+00 8.398882694150890948e-01 1.825414859189554363e+03
6.418137310372313761e-03 3.438279197712050372e+00 1.007746677799040924e+00 1.489874476943506806e+03
7.083073097646863311e-03 3.780187101740984268e+00 1.192503130671123346e+00 1.225541304350178052e+03
7.781255674285138951e-03 4.133694216184115255e+00 1.393131416533695655e+00 1.015987742230615368e+03
8.514347379755328113e-03 4.498036299494623691e+00 1.608007465236019229e+00 8.489324663315351245e+02
9.284093670499028034e-03 4.872224288512857271e+00 1.834903226622871975e+00 7.150751073694956403e+02
1.009232727577991096e-02 5.255044880867372648e+00 2.071023438889236346e+00 6.072966542894906752e+02
1.094097256132483750e-02 5.645071410500695386e+00 2.313086475386016971e+00 5.200995920860275419e+02
1.183205011114701541e-02 6.040685540371534934e+00 2.557444795419294259e+00 4.492069211397380286e+02
1.276768153846029839e-02 6.440109391244091874e+00 2.800234764357030226e+00 3.912695820717861466e+02
1.375009453713924544e-02 6.841446792974139157e+00 3.037542233362618749e+00 3.436501622819528166e+02
1.478162818575214088e-02 7.242731566722496517e+00 3.265570046047258757e+00 3.042617833078070362e+02
1.586473851679567892e-02 7.641980252980570043e+00 3.480796078304259744e+00 2.714474570699201195e+02
1.700200436439139665e-02 8.037246505915843997e+00 3.680113653275035812e+00 2.438890498233589312e+02
1.819613350436689869e-02 8.426674336310943758e+00 3.860948000958844606e+00 2.205375495961964134e+02
1.944996910134117948e-02 8.808547343701247812e+00 4.021342418601340896e+00 2.005583956229457385e+02
2.076649647816417379e-02 9.181331031060537384e+00 4.160006510201763597e+00 1.832874184680096334e+02
2.214885022382831470e-02 9.543705324728604111e+00 4.276319186406299266e+00 1.681941801127283043e+02
2.360032165677566560e-02 9.894584599034786265e+00 4.370285834402746872e+00 1.548511373083660487e+02
2.512436666137038421e-02 1.023312330408701776e+01 4.442463916691342440e+00 1.429103546483330263e+02
2.672461391619483650e-02 1.055870765446331205e+01 4.493883498627055495e+00 1.320917161349590572e+02
2.840487353376051211e-02 1.087093699187591689e+01 4.525981977643135146e+00 1.221825080352801365e+02
3.016914613220447045e-02 1.116960051038040369e+01 4.540549495955032988e+00 1.130409658929764731e+02
3.202163236057062323e-02 1.145465661076267949e+01 4.539650070299855678e+00 1.045932550628435251e+02
3.396674290035509025e-02 1.172622166498728546e+01 4.525459572167637390e+00 9.681545047964192463e+01
3.600910896712877785e-02 1.198456900851031648e+01 4.500015289910914262e+00 8.970554050663530177e+01
3.815359333724115121e-02 1.223013351188404485e+01 4.465004484427430143e+00 8.326289329961657870e+01
4.040530192585914393e-02 1.246351345320817927e+01 4.421752474460780569e+00 7.747466308153229875e+01
4.276959594390804253e-02 1.268544728038675196e+01 4.371410090532445558e+00 7.228985625718554786e+01
4.525210466285937982e-02 1.289673078981054921e+01 4.315106311937171313e+00 6.759006259640412395e+01
4.785873881775828259e-02 1.309808321492742245e+01 4.253895676272046344e+00 6.320284735643277685e+01
5.059570468040212876e-02 1.329003396098488743e+01 4.188854002422291778e+00 5.898716278665249035e+01
5.346951883617817591e-02 1.347292916225504555e+01 4.121213031336006694e+00 5.491390777065317508e+01
5.648702369974302473e-02 1.364709346414629465e+01 4.052180866816989635e+00 5.104573007832843956e+01
5.965540380648610974e-02 1.381303316318204821e+01 3.982849806788615332e+00 4.747984664096487251e+01
6.298220291856634900e-02 1.397157523250944422e+01 3.914075637416043030e+00 4.431526346483589407e+01
6.647534198625060231e-02 1.412382419289383328e+01 3.846344847946569168e+00 4.159741064483250028e+01
7.014313800731906967e-02 1.427088853403455104e+01 3.779759060679166005e+00 3.929063767423747322e+01
7.399432382944094722e-02 1.441369823658113880e+01 3.714244181291311175e+00 3.734175761609765942e+01
7.803806894266893113e-02 1.455311349791126574e+01 3.650381156497852331e+00 3.571595168783947827e+01
8.228400131155831632e-02 1.468984661083069909e+01 3.589159255213512978e+00 3.428233802838484934e+01
8.674223029889216452e-02 1.482411828236570450e+01 3.530304551693165926e+00 3.280130082920771883e+01
9.142337073559270166e-02 1.495586246305356504e+01 3.471988924563365053e+00 3.118356627787524715e+01
9.633856819412828232e-02 1.508540161789356127e+01 3.412067253318137539e+00 2.957299138262597182e+01
1.014995255255906337e-01 1.521348062227636966e+01 3.350440275688356007e+00 2.804867351856252000e+01
1.069185307236261012e-01 1.534035574351601916e+01 3.290413096629485779e+00 2.651732081198272795e+01
1.126084861815633276e-01 1.546556764088644265e+01 3.235668405104591194e+00 2.494151640039256534e+01
1.185829394123974201e-01 1.558883171219878072e+01 3.187796288270157596e+00 2.340176129979998976e+01
1.248561153047732242e-01 1.571059864261293271e+01 3.145386795636520905e+00 2.189572472056704910e+01
1.314429499917678379e-01 1.583093057261433501e+01 3.107843454492697166e+00 2.035958328010785934e+01
1.383591264131121545e-01 1.594992276536702924e+01 3.074084329382667846e+00 1.890791531783671786e+01
1.456211116555237162e-01 1.606868409228814443e+01 3.042371687501235655e+00 1.762452758184043233e+01
1.532461961600558309e-01 1.618731996445280430e+01 3.012441306641272298e+00 1.646638559413074532e+01
1.612525348898145583e-01 1.630633863467420142e+01 2.980268533735584757e+00 1.555762214007913613e+01
1.696591905560612401e-01 1.642784136028515363e+01 2.937503447445643179e+00 1.485563750846144337e+01
1.784861790056202491e-01 1.655134515490847136e+01 2.887872218235733701e+00 1.412578359230820091e+01
1.877545168776572071e-01 1.667430997127308245e+01 2.839280093484833678e+00 1.317486046479373485e+01
1.974862716432960186e-01 1.679505643127121672e+01 2.796656875469605730e+00 1.225588085251037462e+01
2.074553862812674454e-01 1.691267860879707996e+01 2.755943106373335727e+00 1.172365077646299092e+01
2.174245009192389000e-01 1.702790504501760438e+01 2.713028936916705547e+00 1.134129249683466689e+01
2.273936155572103268e-01 1.713990865992639456e+01 2.672844418125831734e+00 1.081005774655210239e+01
2.373627301951817814e-01 1.724758636818663149e+01 2.636055191312319135e+00 1.017327723730652522e+01
2.473318448331532360e-01 1.735046611429547880e+01 2.598907551243813785e+00 9.468841641846683643e+00
2.573009594711246906e-01 1.744754231771635844e+01 2.559230468564553718e+00 8.748307745899072785e+00
2.672700741090960896e-01 1.753927125234823947e+01 2.518958228573125346e+00 8.211750718611025235e+00
2.772391887470675442e-01 1.762723304260324397e+01 2.480066415800295410e+00 7.864637435640007723e+00
2.872083033850389988e-01 1.771265450415148734e+01 2.442414012146404190e+00 7.573644743955591174e+00
2.971774180230104534e-01 1.779615565501844188e+01 2.406167280263232122e+00 7.301462393395220296e+00
3.071465326609819080e-01 1.787819697208569281e+01 2.370891321213761227e+00 7.079469045207978262e+00
3.171156472989533626e-01 1.795882873832445270e+01 2.335059350244601095e+00 6.901551386851033421e+00
3.270847619369247616e-01 1.803734867668907427e+01 2.298557606534546327e+00 6.713878557089366872e+00
3.370538765748962162e-01 1.811304958597488479e+01 2.261415082142996802e+00 6.507160197204508556e+00
3.470229912128676708e-01 1.818639438029115496e+01 2.223482916543339627e+00 6.323186523492557498e+00
3.569921058508391254e-01 1.825772079131571601e+01 2.184966593706520577e+00 6.133222771029554821e+00
3.669612204888105800e-01 1.832659496532524912e+01 2.145373667022845598e+00 5.943150799043025678e+00
3.769303351267819790e-01 1.839353647326522889e+01 2.103081238641866246e+00 5.845938277816554063e+00
3.868994497647534336e-01 1.845972547584599610e+01 2.059117872105795222e+00 5.848494200345244032e+00
3.968685644027248882e-01 1.852536513006435825e+01 2.016879486623266882e+00 5.898469253947902224e+00
4.068376790406963428e-01 1.859024123486890900e+01 1.977836476779033958e+00 5.995310968624040449e+00
4.168067936786677974e-01 1.865463389439067043e+01 1.942589763991585450e+00 6.107451345762401118e+00
4.267759083166392520e-01 1.871786569230444286e+01 1.911540307223432045e+00 6.133030782315400664e+00
4.367450229546106510e-01 1.877902381264485143e+01 1.883277856019700547e+00 6.100591786878063694e+00
4.467141375925821611e-01 1.883881091558839671e+01 1.855189563122684238e+00 6.077371588650056999e+00
4.566832522305536712e-01 1.889775465114621511e+01 1.827072261978146095e+00 6.029468089627409100e+00
4.666523668685251258e-01 1.895546345112020248e+01 1.800292724765135910e+00 5.949386434036435745e+00
4.766214815064966359e-01 1.901184643380634043e+01 1.774497823134769448e+00 5.865632640512747464e+00
4.865905961444680905e-01 1.906680592625403037e+01 1.747908260928430879e+00 5.739100492199728620e+00
4.965597107824396561e-01 1.911974294808768349e+01 1.719459613499281669e+00 5.542392959189388790e+00
5.065288254204111107e-01 1.917040349710147495e+01 1.689358437147673975e+00 5.342672386926709649e+00
5.164979400583825653e-01 1.921944661242651264e+01 1.657552263767037903e+00 5.217695355016245706e+00
5.264670546963541309e-01 1.926788233249400406e+01 1.623851081781410688e+00 5.170098312091292669e+00
5.364361693343255855e-01 1.931630233962635756e+01 1.588443190073606015e+00 5.138297438956959340e+00
5.464052839722970401e-01 1.936466273337812538e+01 1.553169025623496236e+00 5.081136310729238659e+00
5.563743986102684946e-01 1.941257514323615396e+01 1.520282800615414542e+00 5.006867890764330475e+00
5.663435132482400602e-01 1.945984707948509396e+01 1.490161377791214825e+00 4.967630078189642973e+00
5.763126278862115148e-01 1.950699251841456672e+01 1.462365302993404281e+00 5.036283697296354056e+00
5.862817425241830804e-01 1.955493515840568719e+01 1.435199391877528985e+00 5.199959431330505311e+00
5.962508571621545350e-01 1.960378061865249322e+01 1.406691656894457410e+00 5.356287812354233679e+00
6.062199718001259896e-01 1.965290971551980093e+01 1.376885667036204408e+00 5.453537692403044979e+00
6.161890864380974442e-01 1.970170292101722964e+01 1.346814496135285255e+00 5.500902091151623985e+00
6.261582010760690098e-01 1.974974891016302081e+01 1.317177304992559694e+00 5.517938993068331577e+00
6.361273157140405754e-01 1.979706754557577142e+01 1.288540793914679128e+00 5.544717372345057349e+00
6.460964303520120300e-01 1.984395582805120029e+01 1.259856577273504863e+00 5.605989708190327825e+00
6.560655449899834846e-01 1.989071726818548669e+01 1.230027651567708435e+00 5.683113550837877170e+00
6.660346596279549392e-01 1.993726195806858925e+01 1.198751556629662929e+00 5.731572647626522965e+00
6.760037742659265048e-01 1.998324791584886739e+01 1.166317714428288133e+00 5.746046139441001621e+00
6.859728889038979593e-01 2.002847086662859510e+01 1.134455973520581473e+00 5.769502241671664144e+00
6.959420035418695250e-01 2.007295998997877717e+01 1.104418264017266171e+00 5.830543154376156778e+00
7.059111181798409795e-01 2.011694704400616018e+01 1.075125172998051992e+00 5.925951190594906492e+00
7.158802328178124341e-01 2.016053211007940860e+01 1.045773139654355699e+00 6.030922128122370829e+00
7.258493474557839997e-01 2.020347938545278765e+01 1.016399481196347931e+00 6.111310187366145286e+00
7.358184620937554543e-01 2.024554001582337293e+01 9.869235018276991678e-01 6.133406834353411163e+00
7.457875767317269089e-01 2.028638459579914866e+01 9.577667730432160020e-01 6.051705513321568475e+00
7.557566913696984745e-01 2.032542878451137724e+01 9.294297064512209161e-01 5.859451813161068223e+00
7.657258060076699291e-01 2.036223014991557179e+01 9.019965061609853674e-01 5.618800966000836006e+00
7.756949206456413837e-01 2.039677821216320197e+01 8.751175988364845448e-01 5.388651916198732295e+00
7.856640352836128383e-01 2.042936176129416381e+01 8.485076153887014527e-01 5.192270762854350075e+00
7.956331499215844039e-01 2.046017541193782563e+01 8.226979471195451366e-01 5.016553998226951805e+00
8.056022645595558584e-01 2.048925285340430946e+01 7.981998462302450914e-01 4.860264178334401386e+00
8.155713791975274241e-01 2.051690772570384880e+01 7.748695686226998447e-01 4.764332797664677877e+00
8.255404938354988786e-01 2.054370537798371998e+01 7.519110918933791243e-01 4.750930615665059698e+00
8.355096084734703332e-01 2.056980842834821033e+01 7.293445751797756893e-01 4.769001635302227982e+00
8.454787231114417878e-01 2.059491139656126180e+01 7.072884620844313019e-01 4.802528600693217520e+00
8.554478377494133534e-01 2.061886836492845632e+01 6.859377107904260917e-01 4.884343768218571746e+00
8.654169523873848080e-01 2.064178458352298762e+01 6.652091028354694124e-01 5.023861503767208525e+00
8.753860670253563736e-01 2.066353115737326007e+01 6.455451652348486169e-01 5.171167829236116731e+00
8.853551816633278282e-01 2.068400522756762427e+01 6.264530908063606907e-01 5.383684808000610111e+00
8.953242963012992828e-01 2.070336519040272449e+01 6.089615620521462436e-01 5.745837665553417573e+00
9.052934109392708484e-01 2.072206600662320142e+01 5.924821134507860521e-01 6.434622519940167429e+00
9.152625255772423030e-01 2.074059718713169431e+01 5.778571094457111146e-01 7.498812751803213494e+00
9.252316402152138686e-01 2.075924009526497116e+01 5.635442174781801761e-01 9.010053895658467482e+00
9.352007548531853232e-01 2.077751414591529766e+01 5.527343442850426447e-01 1.074446603644012477e+01
9.451698694911567777e-01 2.079505465839062595e+01 5.436795469023023575e-01 1.333214786587256739e+01
9.551389841291282323e-01 2.081214252935377829e+01 5.411472448240817190e-01 1.765696466411788634e+01
9.651080987670997979e-01 2.082999884547790970e+01 5.405355291404890794e-01 2.734619296810445377e+01
9.750772134050712525e-01 2.084918644166287294e+01 5.519974676617335207e-01 4.605138239246219456e+01
9.850463280430428181e-01 2.086939209233993253e+01 5.693304745892661112e-01 9.058865815953362244e+01
9.950154426810142727e-01 2.088448885036375913e+01 5.997787437282861012e-01 1.299800142331264396e+02
