1.037597656250000000e-03
4.778623580932617188e-03
7.674694061279296875e-03
1.052784919738769531e-02
1.475095748901367188e-02
2.243423461914062500e-02
3.599834442138671875e-02
5.755734443664550781e-02
8.889746665954589844e-02
1.326079368591308594e-01
1.932966709136962891e-01
2.780442237854003906e-01
3.939697742462158203e-01
5.497360229492187500e-01
7.594935894012451172e-01
1.037960290908813477e+00
1.406410455703735352e+00
1.889662742614746094e+00
2.517242431640625000e+00
3.330724716186523438e+00
4.366403579711914062e+00
5.674703598022460938e+00
7.297488212585449219e+00
9.271411895751953125e+00
1.161052417755126953e+01
1.429883384704589844e+01
1.728824234008789062e+01
2.051342391967773438e+01
2.391919326782226562e+01
2.748073959350585938e+01
3.121207427978515625e+01
3.516194534301757812e+01
3.940004348754882812e+01
4.400745773315429688e+01
4.907334899902343750e+01
5.469211578369140625e+01
6.097201919555664062e+01
6.801251983642578125e+01
7.592573547363281250e+01
8.482318878173828125e+01
9.480325317382812500e+01
1.059990768432617188e+02
1.185340423583984375e+02
1.325450592041015625e+02
1.481992034912109375e+02
1.654900512695312500e+02
1.845267944335937500e+02
2.053577270507812500e+02
2.278966369628906250e+02
2.520388946533203125e+02
2.773424987792968750e+02
3.032027893066406250e+02
3.290450744628906250e+02
3.541779479980468750e+02
3.782730712890625000e+02
3.980897827148437500e+02
4.176837463378906250e+02
4.293465881347656250e+02
4.336047668457031250e+02
4.318200988769531250e+02
4.173182678222656250e+02
3.991817321777343750e+02
3.785580749511718750e+02
3.557902221679687500e+02
3.430615844726562500e+02
