6.377172470092773438e-01
7.625026702880859375e-01
9.002552032470703125e-01
1.060331344604492188e+00
1.254368782043457031e+00
1.497115135192871094e+00
1.806885719299316406e+00
2.208505630493164062e+00
2.731557846069335938e+00
3.411429405212402344e+00
4.288908481597900391e+00
5.409111022949218750e+00
6.827725410461425781e+00
8.616297721862792969e+00
1.067005252838134766e+01
1.343681812286376953e+01
1.655622291564941406e+01
2.014474105834960938e+01
2.415319633483886719e+01
2.849658012390136719e+01
3.306823348999023438e+01
3.777069091796875000e+01
4.250495147705078125e+01
4.729582977294921875e+01
5.219026947021484375e+01
5.717698669433593750e+01
6.238334655761718750e+01
6.787594604492187500e+01
7.374855804443359375e+01
8.010666656494140625e+01
8.689344787597656250e+01
9.427298736572265625e+01
1.022954940795898438e+02
1.111300277709960938e+02
1.207377853393554688e+02
1.308070831298828125e+02
1.419336700439453125e+02
1.543484649658203125e+02
1.677328948974609375e+02
1.823950042724609375e+02
1.975966644287109375e+02
2.133372344970703125e+02
2.291694030761718750e+02
2.460285186767578125e+02
2.631612854003906250e+02
2.809592590332031250e+02
2.961259460449218750e+02
3.106603393554687500e+02
3.236874389648437500e+02
3.440815429687500000e+02
3.659653625488281250e+02
3.975668029785156250e+02
4.697147521972656250e+02
6.564482421875000000e+02
1.761140747070312500e+03
