1.000804977247725919e-07
6.736607330311037406e-06
1.052698814894925352e-04
7.472707776217889751e-04
3.446255711175923771e-03
1.224228235441390984e-02
5.174267116790743498e-03
7.203621270972077571e-03
1.171898761433763300e-02
2.000505820361489842e-02
3.465332379668455837e-02
5.972703673197560931e-02
1.006047624550868852e-01
1.628010242932574902e-01
2.491946147663641753e-01
3.566346274741176714e-01
4.747267163883664987e-01
5.889731793542297700e-01
6.866961814854338764e-01
7.614032158466389477e-01
8.133400852372244527e-01
8.475694823825392632e-01
8.715420662612656244e-01
8.933444897494632331e-01
9.206664155242791914e-01
9.604498337024884869e-01
1.018863101332793564e+00
1.101415735960746822e+00
1.213096862859756930e+00
1.358347302505389820e+00
1.541037079762376250e+00
1.764351346270892407e+00
2.000000000000000000e+00
2.000000000000000000e+00
2.000000000000000000e+00
2.000000000000000000e+00
2.000000000000000000e+00
2.000000000000000000e+00
2.000000000000000000e+00
2.000000000000000000e+00
2.000000000000000000e+00
2.000000000000000000e+00
2.000000000000000000e+00
2.000000000000000000e+00
2.000000000000000000e+00
2.000000000000000000e+00
2.000000000000000000e+00
2.000000000000000000e+00
2.000000000000000000e+00
2.000000000000000000e+00
2.000000000000000000e+00
2.000000000000000000e+00
2.000000000000000000e+00
2.000000000000000000e+00
2.000000000000000000e+00
2.000000000000000000e+00
2.000000000000000000e+00
2.000000000000000000e+00
2.000000000000000000e+00
2.000000000000000000e+00
2.000000000000000000e+00
2.000000000000000000e+00
2.000000000000000000e+00
2.000000000000000000e+00
2.000000000000000000e+00
2.000000000000000000e+00
2.000000000000000000e+00
2.000000000000000000e+00
2.000000000000000000e+00
2.000000000000000000e+00
