2.252491316296361852e+06 4.028428496845718384e+11 -3.487597603788878303e+06 -5.083091537633607537e+07 1.032173906339530461e+07 -6.115265443973138183e+07 -5.918275462791406250e+10 -6.511856808229887695e+12
2.256199528917640913e+06 1.974193615805601501e+10 2.764760732706070878e+06 -2.764760259885049425e+06 3.180640073708012210e+02 -2.765078323892420158e+06 -7.208968178977130492e+00 2.764767941674250178e+06
2.261876042924410198e+06 3.212893495878972054e+09 4.991485712623468717e+05 -4.991478574969795300e+05 3.538793817098147656e+02 -4.995017368786893203e+05 -8.805567580725394805e+00 4.991573768299275544e+05
2.267592846470343415e+06 7.250067933184047937e+08 1.247211272987312550e+05 -1.247202317323011230e+05 3.937161166528301237e+02 -1.251139478489539470e+05 -3.107873751138356511e+01 1.247522060362426564e+05
2.266382032278493047e+06 2.142094849636825621e+08 4.059643309177144693e+04 -4.059556561450046866e+04 4.366839878661521084e+02 -4.103224960236661718e+04 -9.547592972229614361e+01 4.069190902149373142e+04
2.243389761368110310e+06 1.633177378274250627e+08 3.424666545670390042e+04 -3.424539334469160531e+04 4.796635052563061095e+02 -3.472505684994791227e+04 -1.947807469006767178e+01 3.426614353139397281e+04
2.175120504028135911e+06 5.454013495827268809e+07 1.235737837301702166e+04 -1.235603464239474670e+04 5.160473284229808542e+02 -1.287208197081772778e+04 -3.206472032414342266e+01 1.238944309334116406e+04
2.031530220159456134e+06 2.218102746217427403e+07 5.277247593808833699e+03 -5.276036851067676253e+03 5.347805284353912612e+02 -5.810817379503067968e+03 -4.082893386896745369e+01 5.318076527677800186e+03
1.791095012413998600e+06 1.067771417925071158e+07 2.582732931238151195e+03 -2.581862143661984192e+03 5.231037749583831555e+02 -3.104965918620367574e+03 -3.961889744567281468e+01 2.622351828683824351e+03
1.466897923208038090e+06 5.721000082155239768e+06 1.371726705191446854e+03 -1.371302197964536845e+03 4.753005556602848856e+02 -1.846602753624821844e+03 -3.113289562169347846e+01 1.402859600813140332e+03
1.112465892351796618e+06 3.324397303472782020e+06 7.912017636977304846e+02 -7.911625135585427415e+02 3.999078675818220745e+02 -1.191070381140364816e+03 -1.494069234790998735e+01 8.061424560456398467e+02
7.905971302180875791e+05 2.019122281928145560e+06 4.874745109876530478e+02 -4.876637318950209874e+02 3.153262071132070332e+02 -8.029899390082280206e+02 3.147649919629657234e+00 4.843268610680237316e+02
5.376526011722361436e+05 1.264061002191741485e+06 3.198066619614266983e+02 -3.200627246732712479e+02 2.379427941170520739e+02 -5.580055187903233218e+02 1.922462411780634284e+01 3.005820378436203555e+02
3.575713817878265399e+05 8.100124569078983041e+05 2.210906224339861410e+02 -2.213013901499993779e+02 1.756023009775586559e+02 -3.969036911275580337e+02 3.073807256554374590e+01 1.903525498684423951e+02
2.367278928714227804e+05 5.292594218336185440e+05 1.587394939419951925e+02 -1.588485582478982678e+02 1.290138913862451773e+02 -2.878624496341434451e+02 3.687107153569644424e+01 1.218684224062986914e+02
1.579794962169154023e+05 3.519334595472463407e+05 1.169313743772008252e+02 -1.169228197975247383e+02 9.554832420021824646e+01 -2.124711439977429848e+02 3.833827246298500313e+01 7.859310191421576519e+01
1.070982756290308898e+05 2.380680571360841277e+05 8.776922804514697418e+01 -8.765074258801561768e+01 7.188702256408939206e+01 -1.595377651521050097e+02 3.665835026274777420e+01 5.111087778239915735e+01
7.407768079768409370e+04 1.638210407088004868e+05 6.688386668814320046e+01 -6.667491362651230702e+01 5.518336407659092657e+01 -1.218582777031032407e+02 3.330073743509544215e+01 3.358312925304787200e+01
5.237929331342550722e+04 1.145886434527241654e+05 5.158391169566718304e+01 -5.130764829139136651e+01 4.330515534680781542e+01 -9.461280363819918193e+01 2.923498324501323964e+01 2.234892845065384392e+01
3.783443291863625927e+04 8.143542876563392929e+04 4.024095576441084177e+01 -3.991924916913121990e+01 3.471612252835670631e+01 -7.463537169748792621e+01 2.511515059832251495e+01 1.512580516608834813e+01
2.783913509003226136e+04 5.874218018927217781e+04 3.175652848241421111e+01 -3.140829953813450004e+01 2.835084235273515674e+01 -5.975914189086965678e+01 2.132725274060373977e+01 1.042927574181048556e+01
2.080000205466304396e+04 4.296192094088240992e+04 2.536318129777683339e+01 -2.500395839299861933e+01 2.350935773628793157e+01 -4.851331612928655090e+01 1.804011244132507841e+01 7.323068856451769193e+00
1.573547418496917635e+04 3.181484377097013203e+04 2.049699441495752694e+01 -2.013870665725915288e+01 1.973898803203451635e+01 -3.987769468929366923e+01 1.526718808259492732e+01 5.229806332362585408e+00
1.202491721971765583e+04 2.382279963733591649e+04 1.675220365710393366e+01 -1.640330754108888911e+01 1.674154001928463131e+01 -3.314484756037352042e+01 1.295955466702821468e+01 3.792648990075692339e+00
9.264860809037729268e+03 1.801331154402423999e+04 1.383701828180051052e+01 -1.350289832366176412e+01 1.431598973497844440e+01 -2.781888805864020853e+01 1.104860588610578986e+01 2.788412395694743751e+00
7.185823352084581529e+03 1.373580455489815904e+04 1.153941860711159961e+01 -1.122296510086351873e+01 1.232336824796863084e+01 -2.354633334883214957e+01 9.464422380471091856e+00 2.074996226640507757e+00
5.603435580825615943e+03 1.055051787907151083e+04 9.707762634462376639e+00 -9.410030586268266717e+00 1.066544960053123248e+01 -2.007548018679949919e+01 8.147210235822193169e+00 1.560552398640189686e+00
4.388819249479439350e+03 8.156380021183287681e+03 8.234843723836462459e+00 -7.955703100177089482e+00 9.271413577957741126e+00 -1.722711667813483061e+01 7.050014512806050959e+00 1.184829211030399065e+00
3.450005139234205672e+03 6.342476220743581507e+03 7.041858615256373355e+00 -6.780554834808377507e+00 8.088965851475842683e+00 -1.486952068628422019e+01 6.134469123975478055e+00 9.073894912808899704e-01
2.720194968792203326e+03 4.957292915930873278e+03 6.066260347457593127e+00 -5.821837103815453496e+00 7.078637311138876065e+00 -1.290047441495432956e+01 5.366001474190881027e+00 7.002588732667360816e-01
2.150240073090988972e+03 3.891259333115596746e+03 5.258303893208697843e+00 -5.029883904005702178e+00 6.210321683062353770e+00 -1.124020558706805595e+01 4.714425038562374937e+00 5.438788546463109164e-01
1.703512771499612199e+03 3.067153820920562794e+03 4.586610023579197559e+00 -4.373547591742457996e+00 5.460733442989491593e+00 -9.834281034731949589e+00 4.161658075196996265e+00 4.249519483821972976e-01
1.352317132471496052e+03 2.426932311692000440e+03 4.024278793859885184e+00 -3.826182863225808362e+00 4.811309984165541564e+00 -8.637492847391349926e+00 3.690423249194758171e+00 3.338555446651272351e-01
1.075487823375125117e+03 1.925665063033381102e+03 3.543809299357210563e+00 -3.360473762714826229e+00 4.246882702236194795e+00 -7.607356464951021024e+00 3.280466220456027315e+00 2.633430789011839135e-01
8.567873011570299013e+02 1.531202057549677420e+03 3.128035193153817062e+00 -2.959343871997445419e+00 3.755076047508500103e+00 -6.714419919505945522e+00 2.919691235873038693e+00 2.083439572807781470e-01
6.837095969824648591e+02 1.220103833150640185e+03 2.767104313048843522e+00 -2.612932781481821731e+00 3.325827083204522250e+00 -5.938759864686343981e+00 2.601836612011300787e+00 1.652677010375406264e-01
5.465547248394590270e+02 9.738920744708694883e+02 2.450820966501638054e+00 -2.310940356483464964e+00 2.950840828081898071e+00 -5.261781184565363034e+00 2.319476275513427055e+00 1.313446909882132196e-01
4.377648057640007551e+02 7.779149960136205664e+02 2.168014975613813178e+00 -2.042023252982894554e+00 2.623249873403297627e+00 -4.665273126386192182e+00 2.063610888373156982e+00 1.044040872406583609e-01
3.513903032285564905e+02 6.215455541446057168e+02 1.913119548671335934e+00 -1.800420657582201045e+00 2.337106658169153306e+00 -4.137527315751354351e+00 1.830151395561284033e+00 8.296815311005040217e-02
2.827067564132357234e+02 4.975342256935563796e+02 1.689528722373614400e+00 -1.589340679323175465e+00 2.086983917510452979e+00 -3.676324596833628444e+00 1.623463538594217326e+00 6.606518377939479825e-02
2.279973592017477984e+02 3.988775635766727987e+02 1.492038441774733215e+00 -1.403398203936868205e+00 1.868151144500831196e+00 -3.271549348437699400e+00 1.439364732552299131e+00 5.267370922243563847e-02
1.843541541062640476e+02 3.201336630313634259e+02 1.316078117741383835e+00 -1.237885505408747422e+00 1.676642212611473282e+00 -2.914527718020220703e+00 1.274063862497947675e+00 4.201425524343654905e-02
1.494937778690023720e+02 2.571210702072485219e+02 1.158153650729449424e+00 -1.089233440820301491e+00 1.509115609979843287e+00 -2.598349050800144777e+00 1.124657980019935444e+00 3.349567070951373071e-02
1.216067271829259084e+02 2.065586874282977590e+02 1.015207654641560708e+00 -9.543774556956534649e-01 1.362623798107341022e+00 -2.317001253802994487e+00 9.885363307095049734e-01 2.667132393205512431e-02
9.924145327701972974e+01 1.659546688220528665e+02 8.858275801744932565e-01 -8.319605827674694254e-01 1.234348369811365753e+00 -2.066308952578835179e+00 8.646149832308358540e-01 2.121259694365781878e-02
8.125294591140021794e+01 1.334469752537400495e+02 7.704416504451385705e-01 -7.225203454628603694e-01 1.121804834398830941e+00 -1.844325179861691311e+00 7.535820477888357516e-01 1.685960265630218058e-02
6.675336658623295705e+01 1.073968617838875304e+02 6.673752723708727963e-01 -6.245308581440864870e-01 1.023037076722717265e+00 -1.647567934866803752e+00 6.539974739470859610e-01 1.337779842378652301e-02
5.502900577370716206e+01 8.619740929526719242e+01 5.701048571565352496e-01 -5.316359892443348611e-01 9.361709340088354425e-01 -1.467806923253170304e+00 5.595752664838187229e-01 1.052959067271690141e-02
4.548572129777496542e+01 6.920072686453093525e+01 4.836116848750995345e-01 -4.490126455618141943e-01 8.589891907596258758e-01 -1.308001836321440070e+00 4.753376872698025224e-01 8.273997605296783131e-03
3.763583350056866550e+01 5.572905666252333390e+01 4.113170757410715694e-01 -3.802572338601243329e-01 7.889792763148656407e-01 -1.169236510174989974e+00 4.047718565931153201e-01 6.545219147956859995e-03
3.109499241544301285e+01 4.482592560165362272e+01 3.480464234442508520e-01 -3.203205841892664552e-01 7.236131241791878832e-01 -1.043933708368454338e+00 3.428679501471603164e-01 5.178473297089935395e-03
2.556096677417271579e+01 3.575831325087388990e+01 2.885622506108529439e-01 -2.640625709310098213e-01 6.603027810858486113e-01 -9.243653520168584325e-01 2.845158091691653013e-01 4.046441441688152646e-03
2.076662987113020264e+01 2.818652545836642531e+01 2.345877594479488515e-01 -2.132876923732783814e-01 5.954937105014309617e-01 -8.087814028747093431e-01 2.314457205037807608e-01 3.142038944167818357e-03
1.649877615455401525e+01 2.192127858225066461e+01 1.911060138339879533e-01 -1.730229404413109462e-01 5.251748541939333936e-01 -6.981977946352443398e-01 1.886369723137599763e-01 2.469041520227919714e-03
1.265577991461570129e+01 1.671160342941121257e+01 1.584922219600120030e-01 -1.436466973919318102e-01 4.471712662206474009e-01 -5.908179636125792111e-01 1.565230579273841904e-01 1.969164032627755342e-03
9.213722393459461202e+00 1.258657849298404585e+01 1.441780080726479119e-01 -1.325729964697865415e-01 3.613579505568673134e-01 -4.939309470266538549e-01 1.424732117542508725e-01 1.704796318396928356e-03
6.175382864581147935e+00 9.469860824993716619e+00 1.521390508122347773e-01 -1.436821323507889159e-01 2.688189801794207412e-01 -4.125011125302096571e-01 1.504250471118543375e-01 1.714003700380501392e-03
3.569920486712500285e+00 7.142949474853235614e+00 1.784868196523958783e-01 -1.728981169963642039e-01 1.724698743742844598e-01 -3.453679913706486637e-01 1.765157858268888158e-01 1.971033825507104154e-03
1.487778849335436471e+00 5.466835747770475429e+00 2.168890386654880320e-01 -2.136372273953309753e-01 7.976507058935350392e-02 -2.934022979846844792e-01 2.144294126555655877e-01 2.459626009922509342e-03
1.856942423580729695e-01 4.495914393157707245e+00 2.576410413253655829e-01 -2.567874093299962746e-01 1.104831130354789505e-02 -2.678357206335441609e-01 5.918275454148220062e+10 2.181550648506670768e+04
