0.000000000000000000e+00
2.103020302494255434e-04
4.437372838262879223e-04
7.028504152966052456e-04
9.904659912286573661e-04
1.309719280513235457e-03
1.664090431619116980e-03
2.057442409346645594e-03
2.494063104624202453e-03
2.978712076382290363e-03
3.516672435033768758e-03
4.113808433136909200e-03
4.776629391031394882e-03
5.512360654294275013e-03
6.329022356516071125e-03
7.235516845982265140e-03
8.241725729289741537e-03
9.358617589761039982e-03
1.059836755488418117e-02
1.197449001617086756e-02
1.350198594819908976e-02
1.519750643275041661e-02
1.707953417060239024e-02
1.916858495961808184e-02
2.148743133542549422e-02
2.406135081257172390e-02
2.691840143220404491e-02
3.008972761999591586e-02
3.360989968844489695e-02
3.751729068442326287e-02
4.185449468995924849e-02
4.666879113610419155e-02
5.201266019132508300e-02
5.794435484262027564e-02
6.452853590555793217e-02
7.183697688541873516e-02
7.994934637306423675e-02
8.895407650435072089e-02
9.894932695007874202e-02
1.100440549448368360e-01
1.223592030190183283e-01
1.360290173813597792e-01
1.512025113235587748e-01
1.680450895993997051e-01
1.867403514855831004e-01
2.074920921792466899e-01
2.305265243492132798e-01
2.560947440578761891e-01
2.844754679344920212e-01
3.159780714375355903e-01
3.509459613259139910e-01
3.897603191020139746e-01
4.328442562334849919e-01
4.806674264494178450e-01
5.337511453891032875e-01
5.926740734121540566e-01
6.580785235177405434e-01
7.306774631349415294e-01
8.112622861100344807e-01
9.007114396123878652e-01
1.000000000000000000e+00
0.000000000000000000e+00
2.103020302494255434e-04
4.437372838262879223e-04
7.028504152966052456e-04
9.904659912286573661e-04
1.309719280513235457e-03
1.664090431619116980e-03
2.057442409346645594e-03
2.494063104624202453e-03
2.978712076382290363e-03
3.516672435033768758e-03
4.113808433136909200e-03
4.776629391031394882e-03
5.512360654294275013e-03
6.329022356516071125e-03
7.235516845982265140e-03
8.241725729289741537e-03
9.358617589761039982e-03
1.059836755488418117e-02
1.197449001617086756e-02
1.350198594819908976e-02
1.519750643275041661e-02
1.707953417060239024e-02
1.916858495961808184e-02
2.148743133542549422e-02
2.406135081257172390e-02
2.691840143220404491e-02
3.008972761999591586e-02
3.360989968844489695e-02
3.751729068442326287e-02
4.185449468995924849e-02
4.666879113610419155e-02
5.201266019132508300e-02
5.794435484262027564e-02
6.452853590555793217e-02
7.183697688541873516e-02
7.994934637306423675e-02
8.895407650435072089e-02
9.894932695007874202e-02
1.100440549448368360e-01
1.223592030190183283e-01
1.360290173813597792e-01
1.512025113235587748e-01
1.680450895993997051e-01
1.867403514855831004e-01
2.074920921792466899e-01
2.305265243492132798e-01
2.560947440578761891e-01
2.844754679344920212e-01
3.159780714375355903e-01
3.509459613259139910e-01
3.897603191020139746e-01
4.328442562334849919e-01
4.806674264494178450e-01
5.337511453891032875e-01
5.926740734121540566e-01
6.580785235177405434e-01
7.306774631349415294e-01
8.112622861100344807e-01
9.007114396123878652e-01
1.000000000000000000e+00
6.000000000000000000e+01
