1.251716386170295293e-05 6.508925206021708154e-02 1.676508892347147797e-07 9.819169753345297277e+07 -8.878265944760838311e-12
3.917872288713023844e-05 2.037258880642291159e-01 5.657550650345067851e-06 1.572755610320485756e+07 -1.870483643400479548e-09
6.930628458586305740e-05 3.603808511128909209e-01 4.733980047065039818e-05 4.760734614469371736e+06 -5.170422740820432207e-08
1.033504293054311480e-04 5.373952545013495063e-01 2.092094580998312846e-04 1.987537499032362830e+06 -5.472987576703440728e-07
1.418203128385430963e-04 7.374139778997523820e-01 6.625186010416908794e-04 9.945724827644935576e+05 -3.463391367114961722e-06
1.852912812309596069e-04 9.634242205161217543e-01 1.721766266965238336e-03 5.569050033345863922e+05 -1.607336569065203238e-05
2.344134755143902266e-04 1.218796936249917584e+00 3.934429544667827038e-03 3.362174711354576866e+05 -6.083163361735841767e-05
2.899215550546668384e-04 1.507327413149355033e+00 8.220820431373020848e-03 2.141640974419842532e+05 -1.994985370704014369e-04
3.526456849351793836e-04 1.833264086379296387e+00 1.608720504430787707e-02 1.420417808081591502e+05 -5.883160866541548495e-04
4.235239517001585983e-04 2.201297378150368633e+00 2.994010570144460884e-02 9.730113163154305948e+04 -1.596430309168632130e-03
5.036163931445850539e-04 2.616442057253384412e+00 5.352235632580037983e-02 6.852858116325273295e+04 -4.040658993906184708e-03
5.941208519767869276e-04 3.083672465642665728e+00 9.244266517263469152e-02 4.952636230324034841e+04 -9.596746698290995956e-03
6.963908904571750828e-04 3.607060810983658605e+00 1.546149134509675060e-01 3.672568820187520760e+04 -2.136804739146209997e-02
8.119560339400137394e-04 4.188112758219600273e+00 2.500754315216616730e-01 2.796012624602067081e+04 -4.428109019573346627e-02
9.425446460756214083e-04 4.823286036118135556e+00 3.891894776623979202e-01 2.184816950597048708e+04 -8.441321190752622272e-02
1.090109777788858189e-03 5.501689507449460059e+00 5.784310845153263214e-01 1.747495471267123139e+04 -1.462919865363858374e-01
1.256858376624815556e-03 6.205172660579922450e+00 8.150144517601300986e-01 1.423084518173373363e+04 -2.290804863611736186e-01
1.445284293309447281e-03 6.912259766141421125e+00 1.084724014289205840e+00 1.172532060008539338e+04 -3.252695470744909612e-01
1.658205579163081044e-03 7.603964820740433339e+00 1.366229793850911811e+00 9.724587640915815427e+03 -4.240659782018821877e-01
1.898806632177687213e-03 8.267611541142120046e+00 1.638970428985371930e+00 8.094519372733246200e+03 -5.164037486021679779e-01
2.170685822084192276e-03 8.897148025919218384e+00 1.888701222543470948e+00 6.754852144809146921e+03 -5.973744065129084069e-01
2.477909306678542731e-03 9.491376716290183424e+00 2.108509176092739690e+00 5.651084019469051782e+03 -6.656954614323816743e-01
2.825071844270158738e-03 1.005190841096476895e+01 2.297043474722739287e+00 4.741208814913591596e+03 -7.221560121314980485e-01
3.217365511748684903e-03 1.058165995141848548e+01 2.456196622548920683e+00 3.990661025455159688e+03 -7.683652355278760560e-01
3.660657355999419934e-03 1.108396221793590541e+01 2.589316556616036991e+00 3.370566976573401007e+03 -8.060627958977266694e-01
4.161577140002750350e-03 1.156209921085657655e+01 2.700120677355720922e+00 2.856962510532586293e+03 -8.368243675514189794e-01
4.727616495926512986e-03 1.201910057771231344e+01 2.792140361603146381e+00 2.430176593630096704e+03 -8.619731862109931697e-01
5.367240968120365677e-03 1.245766878257146359e+01 2.868488847760385152e+00 2.074211444286188453e+03 -8.825811104148957309e-01
6.090016621699417820e-03 1.288017246189152409e+01 2.931801712897107670e+00 1.776134336355663436e+03 -8.995013868228538545e-01
6.906753110243746274e-03 1.328866938893578720e+01 2.984258900131949499e+00 1.525520325563837559e+03 -9.134079173459803691e-01
7.829665342298839856e-03 1.368494044670090304e+01 3.027638913288879241e+00 1.313969146339283725e+03 -9.248313965510782664e-01
8.872556164521094857e-03 1.407052559802531988e+01 3.063380587009684852e+00 1.134702083744689844e+03 -9.341894798977818937e-01
1.005102279363224126e-02 1.444675779078213651e+01 3.092641352370705921e+00 9.822338590508512652e+02 -9.418108536260397790e-01
1.138269008452783698e-02 1.481479322160816459e+01 3.116347821516076699e+00 8.521097127319256970e+02 -9.479540049103086785e-01
1.288747412323986222e-02 1.517563758671753149e+01 3.135237817074294941e+00 7.406966654042041682e+02 -9.528216866417856812e-01
1.458788008698444841e-02 1.553016849805935351e+01 3.149894408606623841e+00 6.450185874736234837e+02 -9.565719945170750860e-01
1.650933882601583053e-02 1.587915446313980539e+01 3.160773032315013609e+00 5.626261097446690655e+02 -9.593268177377269890e-01
1.868058720112129520e-02 1.622327088563356412e+01 3.168222854145356759e+00 4.914939740950749751e+02 -9.611782641673340954e-01
2.113409786499046566e-02 1.656311352778007517e+01 3.172503438541241394e+00 4.299398831100722873e+02 -9.621935219334826206e-01
2.390656491516263138e-02 1.689920982812279249e+01 3.173797625734718242e+00 3.765601581405380784e+02 -9.624185075697194724e-01
2.703945268185717690e-02 1.723202841085880621e+01 3.172221354582821284e+00 3.301785386864538623e+02 -9.618805637018185140e-01
3.057961585822201178e-02 1.756198706590554437e+01 3.167831018142000854e+00 2.898052713919430516e+02 -9.605904026400179374e-01
3.458000024751427259e-02 1.788945942585638349e+01 3.160628812522391584e+00 2.546042761749032763e+02 -9.585434416024014581e-01
3.910043460741453175e-02 1.821478051839827117e+01 3.150566436266825310e+00 2.238666733951057495e+02 -9.557206368386608197e-01
4.420852543410182245e-02 1.853825133012042770e+01 3.137547415040714771e+00 1.969893393850169048e+02 -9.520888945909438128e-01
4.998066806825846031e-02 1.886014247882113892e+01 3.121428261593822917e+00 1.734574531205389860e+02 -9.476011142567053458e-01
5.650318924485546457e-02 1.918069705487258148e+01 3.102018630801007149e+00 1.528302243781012066e+02 -9.421959015198482223e-01
6.387363817441008007e-02 1.950013265607304191e+01 3.079080591812728862e+00 1.347291691744122204e+02 -9.357969752466140934e-01
7.220224546480680239e-02 1.981864260249350096e+01 3.052327112557688960e+00 1.188284338148058339e+02 -9.283122805944947764e-01
8.161357170295507890e-02 2.013639627539545174e+01 3.021419835778597296e+00 1.048467738461697678e+02 -9.196328112935979737e-01
9.224837035206262525e-02 2.045353847386416035e+01 2.985966221667432308e+00 9.254087577104311890e+01 -9.096311358538158309e-01
1.042656928255541599e-01 2.077018761966175475e+01 2.945516143319674818e+00 8.169977298326544712e+01 -8.981596150761239628e-01
1.178452672205995977e-01 2.108643255837747077e+01 2.899558054177017397e+00 7.214015719530492277e+01 -8.850482913387740513e-01
1.331901862870009112e-01 2.140232759374690730e+01 2.847514913054443486e+00 6.370242583561974925e+01 -8.701024233803387187e-01
1.505299448320344402e-01 2.171788523796795900e+01 2.788740172484129864e+00 5.624733697596433046e+01 -8.530996334094470557e-01
1.701238719879223094e-01 2.203306594261874807e+01 2.722514344740804226e+00 4.965316826739822886e+01 -8.337866259950557080e-01
1.922650096740756154e-01 2.234776375919998159e+01 2.648043017054082959e+00 4.381329675806420454e+01 -8.118754298403306757e-01
2.172844952594288337e-01 2.266178641241978653e+01 2.564457797674475792e+00 3.863413384335980538e+01 -7.870391033650799839e-01
2.455565139708779654e-01 2.297482756606237331e+01 2.470822722018603645e+00 3.403336559478410095e+01 -7.589068313004633248e-01
2.775038951148154354e-01 2.328642797260570063e+01 2.366150463460628295e+00 2.993846550585621102e+01 -7.270583184779952912e-01
3.136044358074648875e-01 2.359592046177215607e+01 2.249435879213363521e+00 2.628546777866220907e+01 -6.910173499860933211e-01
3.543980467901586828e-01 2.390235085470577303e+01 2.119720100582953570e+00 2.301802103483531781e+01 -6.502443131944340982e-01
4.004948272006026988e-01 2.420436194237181127e+01 1.976208688003404657e+00 2.008679738518979718e+01 -6.041273171943376541e-01
4.525841890644043963e-01 2.450001868228347846e+01 1.818486498524894746e+00 1.744943643239245645e+01 -5.519711847698751672e-01
5.114451679705003251e-01 2.478653546786737749e+01 1.646908251057503714e+00 1.507141508630638427e+01 -4.929828168150950374e-01
5.779580741343887107e-01 2.505983092132417056e+01 1.463314391763525846e+00 1.292867912891275495e+01 -4.262502319524237859e-01
6.531176580995825542e-01 2.531375971868276054e+01 1.272359885621183739e+00 1.101382935711379218e+01 -3.507145877524313615e-01
7.380479879802515075e-01 2.553871056538848094e+01 1.083993159956788466e+00 9.349624047439409225e+00 -2.651690779591776570e-01
8.340192607454075535e-01 2.571900283065374992e+01 9.178704323392512521e-01 8.016459322364946516e+00 -1.684974743710031808e-01
9.424667989700339366e-01 2.582872109349571232e+01 8.093384163035581835e-01 7.196662707208018261e+00 -1.137779832500158822e-01
