1.621519168267032609e-04
8.474485872231350215e-04
2.127042685815970849e-03
3.788749928609558715e-03
5.112483653016440532e-03
8.703114690721155261e-03
1.219643272008423887e-02
1.660712050176828616e-02
2.249033558584779061e-02
2.779011389873286067e-02
3.422185836194847203e-02
3.977842390885064083e-02
4.388910698799618898e-02
4.613330001043446787e-02
4.637233608294595577e-02
4.798576154680078004e-02
6.380179758485636510e-02
7.920884012941087349e-02
9.309459031241693050e-02
1.052463154034267850e-01
1.162203001229304145e-01
1.273791990167204013e-01
1.394371699319686686e-01
1.530954207664482480e-01
1.689662156022213868e-01
1.864658920956532573e-01
2.054370751720475397e-01
2.251679981007088382e-01
2.451363537713212304e-01
2.648832754893938879e-01
2.842820622509179551e-01
3.030864083468171044e-01
3.213723927678220904e-01
3.388858597631031477e-01
3.554182119590486577e-01
3.711399627677498536e-01
3.857677109337257493e-01
3.987612425962749896e-01
4.101274456225957876e-01
4.203389233404241643e-01
4.291650284148469385e-01
4.364809696341555578e-01
4.440075457049424412e-01
4.512973400574619154e-01
4.582987293918588945e-01
4.662772999756925052e-01
4.765573476668756858e-01
4.880770198547678129e-01
4.999328745483569980e-01
5.142316591280300386e-01
5.270346093358678763e-01
5.448435803586384463e-01
5.637067626235774398e-01
5.851196437195569366e-01
6.070019826953523268e-01
6.310930692481507842e-01
6.619348836494484134e-01
6.877134718952802039e-01
7.187539306242521908e-01
7.549791942610094564e-01
8.009362612673380788e-01
8.527297924037733345e-01
8.997863886665877775e-01
9.728006221067636572e-01
1.000000000000000000e+00
1.000000000000000000e+00
1.000000000000000000e+00
1.000000000000000000e+00
1.000000000000000000e+00
1.000000000000000000e+00
