4.651439965271854794e-04
1.175753460607227921e-02
5.134610764320395038e-02
3.109334305036261237e-02
2.440012844348366655e-02
2.138596301810058442e-02
1.975007202415720794e-02
1.873292253713184155e-02
1.801150672898470251e-02
1.740846052538596450e-02
1.679237736329939820e-02
1.603953794540011885e-02
1.503245332064446008e-02
1.337987548960764377e-02
9.836884657061277515e-03
7.447877205908907429e-03
1.649972581349817141e-02
2.848234611786846018e-02
2.670915834660533839e-02
2.502929736450778056e-02
2.383973843922424646e-02
2.364147400175063349e-02
2.417455932650933170e-02
2.519688594051971639e-02
2.691562653186198653e-02
2.905474052879938179e-02
3.139071465064845190e-02
3.389408718947109489e-02
3.631905622678607837e-02
3.852938514872480957e-02
4.035837166621523975e-02
4.174513062631059895e-02
4.269261516248778338e-02
4.323914016593966014e-02
4.349034280808251884e-02
4.354468617223705706e-02
4.349443802584929131e-02
4.340226675924616778e-02
4.331257345513201545e-02
4.325380549335491182e-02
4.323667725372272452e-02
4.327657674405317040e-02
4.340479020288687956e-02
4.363471847498937017e-02
4.396010424487079710e-02
4.440215821541938085e-02
4.498665926690727235e-02
4.566720383884458750e-02
4.642397519306289827e-02
4.728863329398397264e-02
4.817450846808947473e-02
4.904396628189183760e-02
5.001085866778269551e-02
5.105429475678979062e-02
5.212885867301956383e-02
5.318796954137425953e-02
5.415989474616436650e-02
5.511270187333049825e-02
5.605861327345451617e-02
5.674652855509627197e-02
5.746654241402025798e-02
5.864691556991809968e-02
5.949009530398163131e-02
5.984997106266877476e-02
5.998583066377492085e-02
5.978055076546197333e-02
6.054314063025305337e-02
6.404773075557305961e-02
6.907446329058422596e-02
7.217225526961638937e-02
