1.051510151247127717e-04 2.103021271671895731e-01 7.261170873877789289e-06 3.617704181957107969e+06 -4.013398555965785158e-09
3.270196570378567464e-04 6.539461210899186749e-01 2.431682908877825979e-04 5.859056146769364132e+05 -8.297891617598467291e-07
5.732938495614465840e-04 1.146270842524959255e+00 1.979147471726567208e-03 1.806295034985086531e+05 -2.190016122468801260e-05
8.466582032626312516e-04 1.692552448531397413e+00 8.457481308260794695e-03 7.711912589975980518e+04 -2.190623083768706810e-04
1.150092635870946303e-03 2.298377235236740201e+00 2.581209049516850276e-02 3.969888215474953176e+04 -1.296373213252928090e-03
1.486904856066176110e-03 2.968893509317257706e+00 6.429648800782360174e-02 2.311959309984549691e+04 -5.513363196456604748e-03
1.860766420482881395e-03 3.706628197707257488e+00 1.391957589530048445e-01 1.477952458366679093e+04 -1.838494907884739155e-02
2.275752756985423807e-03 4.506945029342403153e+00 2.692991761528593653e-01 1.020518309909766140e+04 -4.972479900397982350e-02
2.736387590503246408e-03 5.352337218964930976e+00 4.694261414200219806e-01 7.506907438029059449e+03 -1.101752518548000381e-01
3.247692255708029344e-03 6.211545386550509029e+00 7.376258454069435366e-01 5.785963777861563358e+03 -2.018566470154182224e-01
3.815240434085338979e-03 7.049043780550946714e+00 1.049190904616138953e+00 4.594687158942458154e+03 -3.128756711453954398e-01
4.445218912084152041e-03 7.838461608436555039e+00 1.368229947010164205e+00 3.713492812835739642e+03 -4.250668978712194845e-01
5.144495022662834947e-03 8.568025163681605605e+00 1.665446161703916683e+00 3.034884968860040317e+03 -5.254109093061749558e-01
5.920691505405173069e-03 9.237197749391462764e+00 1.925687709549551929e+00 2.501412990095824625e+03 -6.091387469547588918e-01
6.782269601249168132e-03 9.851153919494510802e+00 2.145345141497914554e+00 2.077317963103420425e+03 -6.767144107973804834e-01
7.738621287636002904e-03 1.041694163571920129e+01 2.327106601607819236e+00 1.737448656763170220e+03 -7.305738952636789962e-01
8.800171659525391626e-03 1.094158618248536285e+01 2.476073842662724900e+00 1.463042848752235386e+03 -7.734143803527997463e-01
9.978492572322611442e-03 1.143136366264336878e+01 2.597694513731807930e+00 1.239822443918318640e+03 -8.075804488899588351e-01
1.128642878552752436e-02 1.189162615445903981e+01 2.696887653665788864e+00 1.056860869822529594e+03 -8.349410048778947990e-01
1.273823798218497866e-02 1.232684832799085228e+01 2.777781210003896994e+00 9.057746338887009188e+02 -8.569350407266893566e-01
1.434974619047475405e-02 1.274074538996459616e+01 2.843716903128350904e+00 7.801100278273368076e+02 -8.746565941225183938e-01
1.613852030167640256e-02 1.313640079039454278e+01 2.897351291819339814e+00 6.748750741313020853e+02 -8.889352547702973339e-01
1.812405956511023430e-02 1.351638144312775580e+01 2.940777234538255680e+00 5.861850272477439603e+02 -9.004012038902835524e-01
2.032800814752178803e-02 1.388283455793900423e+01 2.975636117345528131e+00 5.109958344830538408e+02 -9.095346711249893135e-01
2.277439107399861079e-02 1.423756646613769306e+01 3.003211818614989426e+00 4.469045001613206409e+02 -9.167026127603240537e-01
2.548987612238788614e-02 1.458210587693544547e+01 3.024505811331586358e+00 3.919996225218009727e+02 -9.221856612108797480e-01
2.850406452609997865e-02 1.491775436639364649e+01 3.040295780342980869e+00 3.447492430309423526e+02 -9.261978901777445650e-01
3.184981365422040467e-02 1.524562664877644913e+01 3.051180809937640959e+00 3.039163457028118955e+02 -9.289013355749780043e-01
3.556359518643407991e-02 1.556668275923729539e+01 3.057615994970142026e+00 2.684948457738261141e+02 -9.304166921907512933e-01
3.968589268719125568e-02 1.588175384865709105e+01 3.059938858532323280e+00 2.376607987334610641e+02 -9.308312136742754594e-01
4.426164291303172349e-02 1.619156293071761965e+01 3.058389464324754670e+00 2.107349622689675357e+02 -9.302045470895579093e-01
4.934072566371464075e-02 1.649674160997647832e+01 3.053125682066858193e+00 1.871538706877425682e+02 -9.285730327801644535e-01
5.497850751697268279e-02 1.679784359876184041e+01 3.044234714972795963e+00 1.664473297855513749e+02 -9.259528427467601519e-01
6.123644537408910737e-02 1.709535561905059353e+01 3.031741729913356664e+00 1.482207849796817527e+02 -9.223422338769612372e-01
6.818275639548833367e-02 1.738970617204417835e+01 3.015616224266080003e+00 1.321414125022049006e+02 -9.177231105054675098e-01
7.589316162924147902e-02 1.768127249893051101e+01 2.995776611580419413e+00 1.179270737535256899e+02 -9.120620371212683208e-01
8.445171143870747188e-02 1.797038601361870036e+01 2.972093394464572214e+00 1.053374859850830774e+02 -9.053108106145134615e-01
9.395170172721473145e-02 1.825733635061180493e+01 2.944391211959560994e+00 9.416711972637247641e+01 -8.974066532055763323e-01
1.044966909474577821e-01 1.854237416559086427e+01 2.912449994243091034e+00 8.423945006752765607e+01 -8.882720975471327662e-01
1.162016289819275822e-01 1.882571269731611352e+01 2.876005422404954714e+00 7.540227595700227425e+01 -8.778145756465001170e-01
1.291941102001890607e-01 1.910752809707542710e+01 2.834748882406574300e+00 6.752388714150748683e+01 -8.659257637507243865e-01
1.436157643524592631e-01 1.938795840495599876e+01 2.788327110930443276e+00 6.048990777001791486e+01 -8.524806675061785688e-01
1.596238004614792261e-01 1.966710101872372363e+01 2.736341776379136004e+00 5.420068341268630974e+01 -8.373364823746088925e-01
1.773927205424913889e-01 1.994500835887261303e+01 2.678349317346685687e+00 4.856910713673632074e+01 -8.203312031300368234e-01
1.971162218324148951e-01 2.022168132943310681e+01 2.613861507628622238e+00 4.351880284370753316e+01 -8.012819976923992726e-01
2.190093082642299849e-01 2.049705996890359572e+01 2.542347451177594309e+00 3.898260190177263951e+01 -7.799833168972868380e-01
2.433106342035447622e-01 2.077101044294964538e+01 2.463238098000520182e+00 3.490126379741214180e+01 -7.562047347069946746e-01
2.702851059961841051e-01 2.104330714757234588e+01 2.375934995859269261e+00 3.122240432629247664e+01 -7.296884861450855242e-01
3.002267696860138058e-01 2.131360814155813799e+01 2.279826012986428285e+00 2.789960727109275140e+01 -7.001466735961954235e-01
3.334620163817247906e-01 2.158142127145104183e+01 2.174312442917178068e+00 2.489170947242600462e+01 -6.672580876810114692e-01
3.703531402139639828e-01 2.184605700371031745e+01 2.058854692867691849e+00 2.216226774246370113e+01 -6.306645637520319481e-01
4.113022876677494555e-01 2.210656175749119612e+01 1.933048465312493525e+00 1.967924447674966260e+01 -5.899667342165729744e-01
4.567558413414514185e-01 2.236162172633450140e+01 1.796751414852691076e+00 1.741499696678861753e+01 -5.447189227713100657e-01
5.072092859192605108e-01 2.260942035616921331e+01 1.650294332597967983e+00 1.534674247917967982e+01 -4.944227145069218787e-01
5.632126094006286721e-01 2.284741987800665086e+01 1.494835775892379148e+00 1.345783508366344705e+01 -4.385184700266089308e-01
6.253762984649473555e-01 2.307201261839286843e+01 1.332962992656198775e+00 1.174050437008170711e+01 -3.763744828606427340e-01
6.943779933263409809e-01 2.327794049956699851e+01 1.169715572023457328e+00 1.020129281387261599e+01 -3.072792817520264008e-01
7.709698746224880050e-01 2.345730202769442130e+01 1.014300975205108868e+00 8.871354798362190763e+00 -2.304729801228041219e-01
8.559868628612110619e-01 2.359791308051923053e+01 8.827070955571075794e-01 7.824188039548483964e+00 -1.453288895804086822e-01
9.503557198061939326e-01 2.368116525583791443e+01 8.003463753873847342e-01 7.197965212538170121e+00 -9.809234898027742455e-02
