0.000000000000000000e+00
5.231247826053885084e-04
1.109024539123423542e-03
1.765232266423623223e-03
2.500184920999846613e-03
3.323331894125216689e-03
4.245256504025631331e-03
5.277812067114096180e-03
6.434274297773176152e-03
7.729511996111346726e-03
9.180178218250097458e-03
1.080492438704549855e-02
1.262464009609634910e-02
1.466272169023330116e-02
1.694537307566668788e-02
1.950194262735208128e-02
2.236530052523971746e-02
2.557226137087387219e-02
2.916405751798412799e-02
3.318686920274761809e-02
3.769241828968272756e-02
4.273863326705004684e-02
4.839039404170144415e-02
5.472036610931101108e-02
6.180993482503372577e-02
6.975025178664316650e-02
7.864340678364574455e-02
8.860374038028863419e-02
9.975931400852866560e-02
1.122535564721575119e-01
1.262471080314218064e-01
1.419198857777978495e-01
1.594733968537389857e-01
1.791333292587930781e-01
2.011524535524536750e-01
2.258138727613535346e-01
2.534346622753213540e-01
2.843699465309653118e-01
3.190174648972866067e-01
3.578226854675664037e-01
4.012845325062798230e-01
4.499618011896387992e-01
5.044803421150009237e-01
5.655411079514064410e-01
6.339291656881805848e-01
7.105237903533676569e-01
7.963097699783772132e-01
8.923900671583879785e-01
1.000000000000000000e+00
1.107609932841612022e+00
1.203690230021622787e+00
1.289476209646632343e+00
1.366070834311819304e+00
1.434458892048593448e+00
1.495519657884999187e+00
1.550038198810361312e+00
1.598715467493720066e+00
1.642177314532433652e+00
1.680982535102713449e+00
1.715630053469034744e+00
1.746565337724678590e+00
1.774186127238646549e+00
1.798847546447546408e+00
1.820866670741206894e+00
1.840526603146261042e+00
1.858080114222202095e+00
1.873752891968578194e+00
1.887746443527842377e+00
1.900240685991471334e+00
1.911396259619711380e+00
1.921356593216354325e+00
1.930249748213356931e+00
1.938190065174966170e+00
1.945279633890689031e+00
1.951609605958298577e+00
1.957261366732949925e+00
1.962307581710317272e+00
1.966813130797252285e+00
1.970835942482015879e+00
1.974427738629126239e+00
1.977634699474760227e+00
1.980498057372647835e+00
1.983054626924333208e+00
1.985337278309766695e+00
1.987375359903903682e+00
1.989195075612954611e+00
1.990819821781749877e+00
1.992270488003888618e+00
1.993565725702226787e+00
1.994722187932885804e+00
1.995754743495974370e+00
1.996676668105874741e+00
1.997499815079000207e+00
1.998234767733576334e+00
1.998890975460876573e+00
1.999476875217394589e+00
2.000000000000000000e+00
0.000000000000000000e+00
5.231247826053885084e-04
1.109024539123423542e-03
1.765232266423623223e-03
2.500184920999846613e-03
3.323331894125216689e-03
4.245256504025631331e-03
5.277812067114096180e-03
6.434274297773176152e-03
7.729511996111346726e-03
9.180178218250097458e-03
1.080492438704549855e-02
1.262464009609634910e-02
1.466272169023330116e-02
1.694537307566668788e-02
1.950194262735208128e-02
2.236530052523971746e-02
2.557226137087387219e-02
2.916405751798412799e-02
3.318686920274761809e-02
3.769241828968272756e-02
4.273863326705004684e-02
4.839039404170144415e-02
5.472036610931101108e-02
6.180993482503372577e-02
6.975025178664316650e-02
7.864340678364574455e-02
8.860374038028863419e-02
9.975931400852866560e-02
1.122535564721575119e-01
1.262471080314218064e-01
1.419198857777978495e-01
1.594733968537389857e-01
1.791333292587930781e-01
2.011524535524536750e-01
2.258138727613535346e-01
2.534346622753213540e-01
2.843699465309653118e-01
3.190174648972866067e-01
3.578226854675664037e-01
4.012845325062798230e-01
4.499618011896387992e-01
5.044803421150009237e-01
5.655411079514064410e-01
6.339291656881805848e-01
7.105237903533676569e-01
7.963097699783772132e-01
8.923900671583879785e-01
1.000000000000000000e+00
1.107609932841612022e+00
1.203690230021622787e+00
1.289476209646632343e+00
1.366070834311819304e+00
1.434458892048593448e+00
1.495519657884999187e+00
1.550038198810361312e+00
1.598715467493720066e+00
1.642177314532433652e+00
1.680982535102713449e+00
1.715630053469034744e+00
1.746565337724678590e+00
1.774186127238646549e+00
1.798847546447546408e+00
1.820866670741206894e+00
1.840526603146261042e+00
1.858080114222202095e+00
1.873752891968578194e+00
1.887746443527842377e+00
1.900240685991471334e+00
1.911396259619711380e+00
1.921356593216354325e+00
1.930249748213356931e+00
1.938190065174966170e+00
1.945279633890689031e+00
1.951609605958298577e+00
1.957261366732949925e+00
1.962307581710317272e+00
1.966813130797252285e+00
1.970835942482015879e+00
1.974427738629126239e+00
1.977634699474760227e+00
1.980498057372647835e+00
1.983054626924333208e+00
1.985337278309766695e+00
1.987375359903903682e+00
1.989195075612954611e+00
1.990819821781749877e+00
1.992270488003888618e+00
1.993565725702226787e+00
1.994722187932885804e+00
1.995754743495974370e+00
1.996676668105874741e+00
1.997499815079000207e+00
1.998234767733576334e+00
1.998890975460876573e+00
1.999476875217394589e+00
2.000000000000000000e+00
9.600000000000000000e+01
