2.615623913026942542e-04 5.228162096052653141e-01 1.860573151032063018e-04 8.388598321210501751e+00 -7.419363352595892656e-07
8.160746608644060254e-04 1.630540591675789575e+00 5.446199652015074402e-03 4.233906838038217302e+01 -1.258331124963962583e-04
1.437128402773523491e-03 2.868689367959684766e+00 4.194004063595115073e-02 1.046097545049435524e+02 -2.997934211111994481e-03
2.132708593711734810e-03 4.236865740770010547e+00 1.719866882798486707e-01 1.960836219250314514e+02 -2.598268945743162708e-02
2.911758407562531868e-03 5.681409475460061032e+00 4.750691169826918303e-01 3.144620725013363653e+02 -1.118802843010944514e-01
3.784294199075424227e-03 7.073320534250283842e+00 9.445840152137238155e-01 4.195233218718063881e+02 -2.746170595213888177e-01
4.761534285569864189e-03 8.299640046621060918e+00 1.444789359236572146e+00 4.617361362481706806e+02 -4.519906123779749429e-01
5.856043182443636599e-03 9.339013838043772608e+00 1.865458266942461307e+00 4.450716791683249767e+02 -5.920674825905433147e-01
7.081893146942261005e-03 1.022178134401621641e+01 2.184817584933434365e+00 3.995746233895534942e+02 -6.908194623427958980e-01
8.454845107180721658e-03 1.098460736974243979e+01 2.419979963968281744e+00 3.468030060641564774e+02 -7.595210887593266680e-01
9.992551302647798006e-03 1.165688703083267797e+01 2.592938789547635459e+00 2.966629655667612155e+02 -8.081130629628587858e-01
1.171478224157092296e-02 1.226013733267789441e+01 2.721233219301147699e+00 2.525193891261953070e+02 -8.432077236419914801e-01
1.364368089316482513e-02 1.280989387496294363e+01 2.817322778906570235e+00 2.148818355858281279e+02 -8.690042104774226006e-01
1.580404738294999278e-02 1.331748636824199394e+01 2.889788314803021230e+00 1.832014701286528577e+02 -8.881896082591529407e-01
1.822365785150938458e-02 1.379132100897253643e+01 2.944526937033693059e+00 1.566349405989563195e+02 -9.025202210613965104e-01
2.093362157629589937e-02 1.423775285053140038e+01 2.985624741726819131e+00 1.343401712213626524e+02 -9.131703369278498794e-01
2.396878094805679482e-02 1.466167422103775664e+01 3.015943630774013506e+00 1.155752934880721767e+02 -9.209408493514332772e-01
2.736815944442899662e-02 1.506691519304062155e+01 3.037507051686252790e+00 9.971915050083724452e+01 -9.263861748112500738e-01
3.117546336036587304e-02 1.545652032378750107e+01 3.051753455975140472e+00 8.626308329811517694e+01 -9.298932172677034647e-01
3.543964374621517283e-02 1.583294318767391928e+01 3.059704278698706759e+00 7.479422545874285788e+01 -9.317316285752356153e-01
4.021552577836638720e-02 1.619818546359395128e+01 3.062076597235915187e+00 6.497812782719591951e+01 -9.320864703567618426e-01
4.556451365437574896e-02 1.655389797894903836e+01 3.059359617288330391e+00 5.654340174351142423e+01 -9.310798125647379297e-01
5.155538007550622415e-02 1.690145517755449589e+01 3.051867162833596936e+00 4.926900947279537490e+01 -9.287852006169612373e-01
5.826515046717237190e-02 1.724201067916389363e+01 3.039773984098468773e+00 4.297406094062603898e+01 -9.252374094040655139e-01
6.578009330583844960e-02 1.757653912965027843e+01 3.023140961966951590e+00 3.750973796111783543e+01 -9.204390026270654612e-01
7.419682928514445552e-02 1.790586790850157684e+01 3.001932558063404866e+00 3.275293872634805581e+01 -9.143646687999835709e-01
8.362357358196718937e-02 1.823070115891286136e+01 2.976028756224660121e+00 2.860128089919240324e+01 -9.069639651594177954e-01
9.418152719440864296e-02 1.855163784454803988e+01 2.945233031777207966e+00 2.496916582648487548e+01 -8.981628847071274624e-01
1.060064352403430887e-01 1.886918499434920804e+01 2.909277430008507359e+00 2.178466802862633855e+01 -8.878645214448052103e-01
1.192503322517896591e-01 1.918376689278101566e+01 2.867825550962523895e+00 1.898706647269426995e+01 -8.759490159155284283e-01
1.340834969046098279e-01 1.949573065280342377e+01 2.820474076857192536e+00 1.652487622460218120e+01 -8.622729001021870454e-01
1.506966413157684315e-01 1.980534833208481160e+01 2.766753418941766185e+00 1.435427201849791423e+01 -8.466679168230356600e-01
1.693033630562660319e-01 2.011281548560276633e+01 2.706128101259847263e+00 1.243782075223127848e+01 -8.289393572098492369e-01
1.901428914056233765e-01 2.041824575645095763e+01 2.637997660179100645e+00 1.074345955253791907e+01 -8.088639361998892774e-01
2.134831631569036048e-01 2.072166075208686209e+01 2.561699170165472328e+00 9.243671256481023946e+00 -7.861872070846257499e-01
2.396242675183374304e-01 2.102297398164714082e+01 2.476513102117170462e+00 7.914821065531326916e+00 -7.606204994668116504e-01
2.689023044031433329e-01 2.132196695935434150e+01 2.381675249362772639e+00 6.736627641647315201e+00 -7.318373476644245423e-01
3.016937057141259593e-01 2.161825457463346467e+01 2.276399218186645257e+00 5.691749711075725138e+00 -6.994693542913482665e-01
3.384200751824265052e-01 2.191123525609971878e+01 2.159917012154429550e+00 4.765475784953758343e+00 -6.631013978491179239e-01
3.795536089869231411e-01 2.220001888094337517e+01 2.031550521437899715e+00 3.945510082985192124e+00 -6.222660250037979068e-01
4.256231668479593111e-01 2.248332096296323357e+01 1.890836077671294024e+00 3.221851907238413748e+00 -5.764367268675507638e-01
4.772210716523198615e-01 2.275930367449433334e+01 1.737741100823051221e+00 2.586767585036938488e+00 -5.250195029210563691e-01
5.350107250332036823e-01 2.302532904923236501e+01 1.573042901943257688e+00 2.034851721037446826e+00 -4.673415727564368960e-01
5.997351368197935129e-01 2.327755923707047359e+01 1.398997640127357611e+00 1.563165598789439947e+00 -4.026356975125490179e-01
6.722264780207740653e-01 2.351027604989229403e+01 1.220533904683679394e+00 1.171428065860961931e+00 -3.300227684140615847e-01
7.534167801658724350e-01 2.371467102612091082e+01 1.047374657176919355e+00 8.622494837913459165e-01 -2.485299138743841396e-01
8.443499185683825958e-01 2.387670817931973488e+01 8.975630002542477337e-01 6.415775860133012820e-01 -1.573108142182646219e-01
9.461950335791939892e-01 2.397399511539176586e+01 8.016798338180362027e-01 5.202971230827285742e-01 -5.455930679418730805e-02
1.053804966420806011e+00 2.397399511539177652e+01 8.016798338180366468e-01 5.202971230827287963e-01 5.455930679417626133e-02
1.155650081431617515e+00 2.387670817931974554e+01 8.975630002542518415e-01 6.415775860133056119e-01 1.573108142182711722e-01
1.246583219834127565e+00 2.371467102612091438e+01 1.047374657176926460e+00 8.622494837913547983e-01 2.485299138743927716e-01
1.327773521979225713e+00 2.351027604989229047e+01 1.220533904683686055e+00 1.171428065860971479e+00 3.300227684140658035e-01
1.400264863180206376e+00 2.327755923707047359e+01 1.398997640127364939e+00 1.563165598789452160e+00 4.026356975125405246e-01
1.464989274966796540e+00 2.302532904923237211e+01 1.573042901943265015e+00 2.034851721037460592e+00 4.673415727564382283e-01
1.522778928347680250e+00 2.275930367449433334e+01 1.737741100823060325e+00 2.586767585036958472e+00 5.250195029210579234e-01
1.574376833152040689e+00 2.248332096296323712e+01 1.890836077671300242e+00 3.221851907238427959e+00 5.764367268675495426e-01
1.620446391013076859e+00 2.220001888094337872e+01 2.031550521437902823e+00 3.945510082985197897e+00 6.222660250037937990e-01
1.661579924817573550e+00 2.191123525609972944e+01 2.159917012154432658e+00 4.765475784953766336e+00 6.631013978491089311e-01
1.698306294285873985e+00 2.161825457463347888e+01 2.276399218186649698e+00 5.691749711075740237e+00 6.994693542913537065e-01
1.731097695596856667e+00 2.132196695935434860e+01 2.381675249362776192e+00 6.736627641647328524e+00 7.318373476644294273e-01
1.760375732481662681e+00 2.102297398164714437e+01 2.476513102117174903e+00 7.914821065531347344e+00 7.606204994668358532e-01
1.786516836843096367e+00 2.072166075208685854e+01 2.561699170165473216e+00 9.243671256481031051e+00 7.861872070846325222e-01
1.809857108594376651e+00 2.041824575645095763e+01 2.637997660179099757e+00 1.074345955253792084e+01 8.088639361998953836e-01
1.830696636943733857e+00 2.011281548560276633e+01 2.706128101259846375e+00 1.243782075223128736e+01 8.289393572098451290e-01
1.849303358684231569e+00 1.980534833208481160e+01 2.766753418941769294e+00 1.435427201849796042e+01 8.466679168230429875e-01
1.865916503095390144e+00 1.949573065280342021e+01 2.820474076857198753e+00 1.652487622460225580e+01 8.622729001021869344e-01
1.880749667748210285e+00 1.918376689278101566e+01 2.867825550962527448e+00 1.898706647269431613e+01 8.759490159155327582e-01
1.893993564759656856e+00 1.886918499434920449e+01 2.909277430008513132e+00 2.178466802862641316e+01 8.878645214448178669e-01
1.905818472805591357e+00 1.855163784454803277e+01 2.945233031777216404e+00 2.496916582648500338e+01 8.981628847071421173e-01
1.916376426418032963e+00 1.823070115891284715e+01 2.976028756224669891e+00 2.860128089919256666e+01 9.069639651594277874e-01
1.925803170714855739e+00 1.790586790850155907e+01 3.001932558063411971e+00 3.275293872634820502e+01 9.143646687999839040e-01
1.934219906694161661e+00 1.757653912965026777e+01 3.023140961966956475e+00 3.750973796111790648e+01 9.204390026270695691e-01
1.941734849532827489e+00 1.724201067916389007e+01 3.039773984098471438e+00 4.297406094062600346e+01 9.252374094040635155e-01
1.948444619924493804e+00 1.690145517755449234e+01 3.051867162833598712e+00 4.926900947279537490e+01 9.287852006169705632e-01
1.954435486345624140e+00 1.655389797894903481e+01 3.059359617288330391e+00 5.654340174351133896e+01 9.310798125647529178e-01
1.959784474221633488e+00 1.619818546359394773e+01 3.062076597235903641e+00 6.497812782719546476e+01 9.320864703567527387e-01
1.964560356253784779e+00 1.583294318767392106e+01 3.059704278698686331e+00 7.479422545874201944e+01 9.317316285752057503e-01
1.968824536639634193e+00 1.545652032378750462e+01 3.051753455975128482e+00 8.626308329811456588e+01 9.298932172676941388e-01
1.972631840555571170e+00 1.506691519304061622e+01 3.037507051686259452e+00 9.971915050083781296e+01 9.263861748112847128e-01
1.976031219051943122e+00 1.466167422103775309e+01 3.015943630774025941e+00 1.155752934880730862e+02 9.209408493514625871e-01
1.979066378423703920e+00 1.423775285053140749e+01 2.985624741726817355e+00 1.343401712213619419e+02 9.131703369278559856e-01
1.981776342148490411e+00 1.379132100897254531e+01 2.944526937033660197e+00 1.566349405989529657e+02 9.025202210613936238e-01
1.984195952617049841e+00 1.331748636824199394e+01 2.889788314802945290e+00 1.832014701286458092e+02 8.881896082590514663e-01
1.986356319106835411e+00 1.280989387496293119e+01 2.817322778906498737e+00 2.148818355858224720e+02 8.690042104774126086e-01
1.988285217758429146e+00 1.226013733267786421e+01 2.721233219301099293e+00 2.525193891261937154e+02 8.432077236419444066e-01
1.990007448697352466e+00 1.165688703083264777e+01 2.592938789547635903e+00 2.966629655667667294e+02 8.081130629629207363e-01
1.991545154892819136e+00 1.098460736974244334e+01 2.419979963968320824e+00 3.468030060641647196e+02 7.595210887593510929e-01
1.992918106853057703e+00 1.022178134401621818e+01 2.184817584933420598e+00 3.995746233895487194e+02 6.908194623427802439e-01
1.994143956817556296e+00 9.339013838043793925e+00 1.865458266942438659e+00 4.450716791683141196e+02 5.920674825904898020e-01
1.995238465714430198e+00 8.299640046621099998e+00 1.444789359236641646e+00 4.617361362481950096e+02 4.519906123780375595e-01
1.996215705800924445e+00 7.073320534250301606e+00 9.445840152138291757e-01 4.195233218718610146e+02 2.746170595214342813e-01
1.997088241592437363e+00 5.681409475460041492e+00 4.750691169827213067e-01 3.144620725013500646e+02 1.118802843010941461e-01
1.997867291406288270e+00 4.236865740769985678e+00 1.719866882798593288e-01 1.960836219250431611e+02 2.598268945742930255e-02
1.998562871597226565e+00 2.868689367959725178e+00 4.194004063595543896e-02 1.046097545049491657e+02 2.997934211112761229e-03
1.999183925339135470e+00 1.630540591675811779e+00 5.446199652015851558e-03 4.233906838038667786e+01 1.258331124966202274e-04
1.999738437608697295e+00 5.228162096052865193e-01 1.860573151032397766e-04 8.388598321211290454e+00 7.419363352594392349e-07
