1.020133009910083712e-03 5.607417067412985290e-01 2.221827923797979468e-04 2.394164347488705324e+00 -1.017870881780036838e-06
3.142009670523057512e-03 1.724610237437441906e+00 6.383387294453223872e-03 1.213141276158687099e+01 -1.654972815292463854e-04
5.433636463985069484e-03 2.976620644915947800e+00 4.644165705761617302e-02 2.941912408842312132e+01 -3.576831740291036305e-03
7.908593400924044184e-03 4.306902768842798324e+00 1.777250203249656213e-01 5.370138949248764249e+01 -2.766659853299234181e-02
1.058154689281813610e-02 5.661002324214161163e+00 4.584958162983711616e-01 8.345120010530054344e+01 -1.078000862613267552e-01
1.346833666406375453e-02 6.936654415757687708e+00 8.691498187300980005e-01 1.094350716226381479e+02 -2.496755517997465978e-01
1.658606961700902216e-02 8.054907413151125795e+00 1.303599990224378002e+00 1.217535246319962994e+02 -4.042452695031897303e-01
1.995322120618991252e-02 9.004409252392427732e+00 1.678308285950505852e+00 1.207664121247592988e+02 -5.312389980965146474e-01
2.358974492250527286e-02 9.811166755006317075e+00 1.971833647498115516e+00 1.122278039184912188e+02 -6.245535095952482463e-01
2.751719053612586632e-02 1.050645668964117796e+01 2.193636864348032400e+00 1.008611454156007454e+02 -6.913971990745989560e-01
3.175883179883610963e-02 1.111608740878089741e+01 2.359617210718504943e+00 8.921136251305816245e+01 -7.394738455332749982e-01
3.633980436256316338e-02 1.165942138379215898e+01 2.483723695947768206e+00 7.837950660041315132e+01 -7.743941172543272744e-01
4.128725473138838975e-02 1.215069710466664077e+01 2.576489138632614306e+00 6.873157352127863362e+01 -7.999275502641240987e-01
4.663050112971962868e-02 1.260043954274565792e+01 2.645499814867358079e+00 6.030370809412584521e+01 -8.185819404433078983e-01
5.240120723991737589e-02 1.301653714900654890e+01 2.696155796333002286e+00 5.300063835283767588e+01 -8.320445181592944772e-01
5.863356983893093510e-02 1.340499950902796300e+01 2.732309050515862925e+00 4.668599056652969637e+01 -8.414696264714667251e-01
6.536452144586558932e-02 1.377048012705282787e+01 2.756726984433703009e+00 4.122090598484045643e+01 -8.476601501893493706e-01
7.263394918135501754e-02 1.411663808298831491e+01 2.771413786565346538e+00 3.647894694416868333e+01 -8.511821676634458989e-01
8.048493113568358504e-02 1.444639100402192256e+01 2.777830347500222619e+00 3.235048782079733343e+01 -8.524384434846815628e-01
8.896399164635845902e-02 1.476209452697894697e+01 2.777045001515551892e+00 2.874267528140115147e+01 -8.517164056007112682e-01
9.812137699788731071e-02 1.506567149983588649e+01 2.769837688619363192e+00 2.557771625238553881e+01 -8.492200615284247744e-01
1.080113531775384605e-01 1.535870632016795767e+01 2.756772729406018474e+00 2.279071169377527895e+01 -8.450916133720692835e-01
1.186925274515616968e-01 1.564251470299546831e+01 2.738250300065284026e+00 2.032754564382260298e+01 -8.394263337988873142e-01
1.302281956675068186e-01 1.591819584043828506e+01 2.714543313337713926e+00 1.814301704207487731e+01 -8.322829454668929650e-01
1.426867173407275480e-01 1.618667172125162423e+01 2.685824201575103931e+00 1.619925963783719780e+01 -8.236909417406254041e-01
1.561419207478059179e-01 1.644871691212230402e+01 2.652184658135120721e+00 1.446443632341841301e+01 -8.136557873614288505e-01
1.706735404274505874e-01 1.670498110639070433e+01 2.613650454479992113e+00 1.291167327308674828e+01 -8.021626223264530786e-01
1.863676896814668305e-01 1.695600605557135765e+01 2.570192839839293253e+00 1.151819509738789549e+01 -7.891788895279439053e-01
2.033173708758043430e-01 1.720223800892760124e+01 2.521737639237608963e+00 1.026462493932197084e+01 -7.746561740162135612e-01
2.216230265656888854e-01 1.744403642691105816e+01 2.468172927116655480e+00 9.134418503071879414e+00 -7.585314535148863779e-01
2.413931347107641789e-01 1.768167945840130173e+01 2.409356028481244749e+00 8.113406419927754243e+00 -7.407279002019536707e-01
2.627448515074455315e-01 1.791536644572812165e+01 2.345120567926169297e+00 7.189424314164363672e+00 -7.211553327252251400e-01
2.858047056478613124e-01 1.814521751911090064e+01 2.275284344876693510e+00 6.352014173756972859e+00 -6.997103887599189775e-01
3.107093481195104534e-01 1.837127014008967762e+01 2.199658971226075455e+00 5.592184137320241888e+00 -6.762764678301794730e-01
3.376063619888914347e-01 1.859347222668211685e+01 2.118062491869910247e+00 4.902216643541691177e+00 -6.507234787432311096e-01
3.666551369678229255e-01 1.881167120990803809e+01 2.030336667631730929e+00 4.275517140011547923e+00 -6.229074137527260691e-01
3.980278139450689201e-01 1.902559798625220111e+01 1.936371313215356382e+00 3.706497279435512660e+00 -5.926697604754014304e-01
4.319103050804946609e-01 1.923484417127473378e+01 1.836139177402486444e+00 3.190487776281316634e+00 -5.598367508761624700e-01
4.685033955067544054e-01 1.943883020564185671e+01 1.729746530440764873e+00 2.723676842493241157e+00 -5.242184328330966592e-01
5.080239331671150271e-01 1.963676050982441623e+01 1.617507200847757121e+00 2.303070319613530259e+00 -4.856075350031484605e-01
5.507061138403044342e-01 1.982755967156725774e+01 1.500051763315378928e+00 1.926469243511692131e+00 -4.437780941189712891e-01
5.968028689673489096e-01 2.000977998329556939e+01 1.378489594573941268e+00 1.592459770320907131e+00 -3.984838915004819682e-01
6.465873645045570051e-01 2.018146462680885378e+01 1.254650256569499467e+00 1.300409962088925342e+00 -3.494571507808678645e-01
7.003546196847418859e-01 2.033994155991581465e+01 1.131441617403181388e+00 1.050470465326760694e+00 -2.964094665400638928e-01
7.584232552793415127e-01 2.048151205837986311e+01 1.013368615116767124e+00 8.435884299046865209e-01 -2.390413624657520830e-01
8.211373817215090742e-01 2.060099740274785773e+01 9.072291053811325501e-01 6.815815051460072382e-01 -1.770743825379412495e-01
8.888686382790500495e-01 2.069116504033228665e+01 8.228500472599395987e-01 5.674101621016161001e-01 -1.103072304329112546e-01
9.620183953611942673e-01 2.074226991965961631e+01 7.732845405555168750e-01 5.059682527420193976e-01 -3.785604569568729039e-02
1.037981604638805733e+00 2.074226991965961275e+01 7.732845405555198726e-01 5.059682527420221732e-01 3.785604569569644279e-02
1.111131361720949950e+00 2.069116504033227955e+01 8.228500472599480364e-01 5.674101621016246488e-01 1.103072304329179160e-01
1.178862618278490926e+00 2.060099740274784708e+01 9.072291053811454287e-01 6.815815051460218932e-01 1.770743825379425263e-01
1.241576744720658487e+00 2.048151205837985245e+01 1.013368615116783111e+00 8.435884299047062829e-01 2.390413624657571345e-01
1.299645380315258114e+00 2.033994155991580399e+01 1.131441617403200484e+00 1.050470465326786673e+00 2.964094665400759387e-01
1.353412635495442995e+00 2.018146462680883602e+01 1.254650256569521005e+00 1.300409962088957538e+00 3.494571507808708066e-01
1.403197131032650979e+00 2.000977998329555518e+01 1.378489594573965027e+00 1.592459770320947765e+00 3.984838915005345372e-01
1.449293886159695788e+00 1.982755967156721155e+01 1.500051763315396025e+00 1.926469243511721219e+00 4.437780941188852468e-01
1.491976066832884973e+00 1.963676050982446597e+01 1.617507200847793980e+00 2.303070319613610195e+00 4.856075350033300375e-01
1.531496604493245428e+00 1.943883020564169328e+01 1.729746530440767094e+00 2.723676842493235828e+00 5.242184328327793574e-01
1.568089694919505117e+00 1.923484417127498602e+01 1.836139177402555500e+00 3.190487776281500487e+00 5.598367508766255440e-01
1.601972186054931191e+00 1.902559798625177123e+01 1.936371313215341505e+00 3.706497279435466474e+00 5.926697604749405768e-01
1.633344863032176963e+00 1.881167120990851060e+01 2.030336667631794878e+00 4.275517140011697137e+00 6.229074137529772015e-01
1.662393638011108621e+00 1.859347222668165145e+01 2.118062491869946218e+00 4.902216643541959407e+00 6.507234787435323131e-01
1.689290651880489547e+00 1.837127014008984105e+01 2.199658971226063908e+00 5.592184137319852866e+00 6.762764678293624598e-01
1.714195294352138355e+00 1.814521751911102854e+01 2.275284344876788989e+00 6.352014173757916105e+00 6.997103887609891215e-01
1.737255148492554468e+00 1.791536644572762782e+01 2.345120567926139987e+00 7.189424314163458618e+00 7.211553327244005773e-01
1.758606865289235710e+00 1.768167945840185240e+01 2.409356028481310918e+00 8.113406419928830715e+00 7.407279002022701953e-01
1.778376973434311115e+00 1.744403642691050393e+01 2.468172927116647042e+00 9.134418503071271900e+00 7.585314535150221582e-01
1.796682629124195518e+00 1.720223800892793875e+01 2.521737639237683570e+00 1.026462493932251796e+01 7.746561740158678377e-01
1.813632310318533225e+00 1.695600605557112672e+01 2.570192839839269272e+00 1.151819509738799496e+01 7.891788895284070904e-01
1.829326459572549357e+00 1.670498110639067235e+01 2.613650454480051621e+00 1.291167327308669321e+01 8.021626223258189192e-01
1.843858079252194138e+00 1.644871691212250653e+01 2.652184658135147810e+00 1.446443632341895835e+01 8.136557873621522718e-01
1.857313282659272424e+00 1.618667172125116949e+01 2.685824201575155890e+00 1.619925963783747846e+01 8.236909417402621392e-01
1.869771804332493126e+00 1.591819584043864921e+01 2.714543313337683283e+00 1.814301704207454335e+01 8.322829454666206273e-01
1.881307472548438220e+00 1.564251470299528535e+01 2.738250300065431464e+00 2.032754564382397078e+01 8.394263337997430741e-01
1.891988646822461595e+00 1.535870632016773030e+01 2.756772729405931432e+00 2.279071169377459682e+01 8.450916133711350309e-01
1.901878623002112523e+00 1.506567149983628973e+01 2.769837688619476879e+00 2.557771625238618540e+01 8.492200615290492749e-01
1.911036008353641513e+00 1.476209452697841229e+01 2.777045001515545231e+00 2.874267528140185846e+01 8.517164056005543937e-01
1.919515068864316554e+00 1.444639100402229381e+01 2.777830347500254593e+00 3.235048782079685026e+01 8.524384434845219127e-01
1.927366050818644982e+00 1.411663808298802358e+01 2.771413786565388726e+00 3.647894694417003336e+01 8.511821676637056910e-01
1.934635478554134203e+00 1.377048012705293623e+01 2.756726984433723437e+00 4.122090598484012247e+01 8.476601501891612989e-01
1.941366430161069134e+00 1.340499950902787418e+01 2.732309050515894011e+00 4.668599056653046375e+01 8.414696264715795238e-01
1.947598792760082631e+00 1.301653714900654002e+01 2.696155796333030708e+00 5.300063835283804536e+01 8.320445181592526218e-01
1.953369498870280330e+00 1.260043954274562772e+01 2.645499814867389166e+00 6.030370809412646338e+01 8.185819404433483104e-01
1.958712745268611499e+00 1.215069710466661057e+01 2.576489138632640064e+00 6.873157352127904574e+01 7.999275502641283175e-01
1.963660195637436878e+00 1.165942138379212345e+01 2.483723695947782417e+00 7.837950660041335027e+01 7.743941172543135076e-01
1.968241168201164015e+00 1.111608740878087076e+01 2.359617210718530700e+00 8.921136251305888720e+01 7.394738455332952043e-01
1.972482809463873998e+00 1.050645668964116197e+01 2.193636864348063042e+00 1.008611454156016265e+02 6.913971990746097251e-01
1.976410255077494682e+00 9.811166755006308193e+00 1.971833647498144604e+00 1.122278039184919010e+02 6.245535095952522431e-01
1.980046778793810081e+00 9.004409252392417073e+00 1.678308285950540713e+00 1.207664121247609330e+02 5.312389980965253056e-01
1.983413930382990964e+00 8.054907413151124018e+00 1.303599990224419747e+00 1.217535246319993121e+02 4.042452695032002219e-01
1.986531663335936226e+00 6.936654415757708136e+00 8.691498187301588407e-01 1.094350716226447418e+02 2.496755517997761575e-01
1.989418453107181683e+00 5.661002324214158499e+00 4.584958162984049124e-01 8.345120010530531829e+01 1.078000862613346933e-01
1.992091406599076020e+00 4.306902768842780560e+00 1.777250203249781946e-01 5.370138949249004412e+01 2.766659853299341734e-02
1.994566363536015130e+00 2.976620644915913605e+00 4.644165705761937185e-02 2.941912408842433990e+01 3.576831740291301284e-03
1.996857990329476973e+00 1.724610237437433691e+00 6.383387294454239552e-03 1.213141276158814996e+01 1.654972815292555469e-04
1.998979866990089782e+00 5.607417067413139611e-01 2.221827923778337791e-04 2.394164347467153231e+00 1.017870881780095283e-06
