0.000000000000000000e+00
1.039162465233941997e-04
2.223807675600635719e-04
3.574303215418666441e-04
5.113868130811220292e-04
6.868972134358732572e-04
8.869790698402896722e-04
1.115072386141324366e-03
1.375098766724503927e-03
1.671528840589328428e-03
2.009459124795228303e-03
2.394699648789954186e-03
2.833873846143941579e-03
3.334532431127487304e-03
3.905283218008729403e-03
4.555939115053345492e-03
5.297686837684206958e-03
6.143279241483389462e-03
7.107254581814458072e-03
8.206186469791876270e-03
9.458968822086131698e-03
1.088714070370158486e-02
1.251525664874320043e-02
1.437130882609064138e-02
1.648720830826672437e-02
1.889933371794745923e-02
2.164915668498349627e-02
2.478395486740457565e-02
2.835762479536460892e-02
3.243160851323904220e-02
3.707594995161590107e-02
4.237049919136551268e-02
4.840628532468008172e-02
5.528708151665868292e-02
6.313118917551428788e-02
7.207347190660967629e-02
8.226767422005841490e-02
9.388906485738997276e-02
1.071374501839479493e-01
1.222406094562240586e-01
1.394582110266188169e-01
1.590862768168688490e-01
1.814622718177538452e-01
2.069709061187627597e-01
2.360507492219129366e-01
2.692017703595041556e-01
3.069939344563581418e-01
3.500770015267716251e-01
3.991916979870430149e-01
4.551824519517523870e-01
5.190119114715210369e-01
5.917774953240573232e-01
6.747302609159486764e-01
7.692964136907048944e-01
8.771018278539268742e-01
1.000000000000000000e+00
1.122898172146073126e+00
1.230703586309294995e+00
1.325269739084051324e+00
1.408222504675942677e+00
1.480988088528478963e+00
1.544817548048247557e+00
1.600808302012957096e+00
1.649922998473228430e+00
1.693006065543641858e+00
1.730798229640495789e+00
1.763949250778086952e+00
1.793029093881237213e+00
1.818537728182246127e+00
1.840913723183131179e+00
1.860541788973381294e+00
1.877759390543775941e+00
1.892862549816052065e+00
1.906110935142609986e+00
1.917732325779941682e+00
1.927926528093390379e+00
1.936868810824485809e+00
1.944712918483341380e+00
1.951593714675319946e+00
1.957629500808634404e+00
1.962924050048383995e+00
1.967568391486760992e+00
1.971642375204635478e+00
1.975216045132595521e+00
1.978350843315016538e+00
1.981100666282052503e+00
1.983512791691733224e+00
1.985628691173909388e+00
1.987484743351256800e+00
1.989112859296298330e+00
1.990541031177913922e+00
1.991793813530208013e+00
1.992892745418185507e+00
1.993856720758516721e+00
1.994702313162315832e+00
1.995444060884946635e+00
1.996094716781991352e+00
1.996665467568872421e+00
1.997166126153856025e+00
1.997605300351209978e+00
1.997990540875204779e+00
1.998328471159410702e+00
1.998624901233275519e+00
1.998884927613858720e+00
1.999113020930159745e+00
1.999313102786564045e+00
1.999488613186918951e+00
1.999642569678458104e+00
1.999777619232439907e+00
1.999896083753476717e+00
2.000000000000000000e+00
0.000000000000000000e+00
1.039162465233941997e-04
2.223807675600635719e-04
3.574303215418666441e-04
5.113868130811220292e-04
6.868972134358732572e-04
8.869790698402896722e-04
1.115072386141324366e-03
1.375098766724503927e-03
1.671528840589328428e-03
2.009459124795228303e-03
2.394699648789954186e-03
2.833873846143941579e-03
3.334532431127487304e-03
3.905283218008729403e-03
4.555939115053345492e-03
5.297686837684206958e-03
6.143279241483389462e-03
7.107254581814458072e-03
8.206186469791876270e-03
9.458968822086131698e-03
1.088714070370158486e-02
1.251525664874320043e-02
1.437130882609064138e-02
1.648720830826672437e-02
1.889933371794745923e-02
2.164915668498349627e-02
2.478395486740457565e-02
2.835762479536460892e-02
3.243160851323904220e-02
3.707594995161590107e-02
4.237049919136551268e-02
4.840628532468008172e-02
5.528708151665868292e-02
6.313118917551428788e-02
7.207347190660967629e-02
8.226767422005841490e-02
9.388906485738997276e-02
1.071374501839479493e-01
1.222406094562240586e-01
1.394582110266188169e-01
1.590862768168688490e-01
1.814622718177538452e-01
2.069709061187627597e-01
2.360507492219129366e-01
2.692017703595041556e-01
3.069939344563581418e-01
3.500770015267716251e-01
3.991916979870430149e-01
4.551824519517523870e-01
5.190119114715210369e-01
5.917774953240573232e-01
6.747302609159486764e-01
7.692964136907048944e-01
8.771018278539268742e-01
1.000000000000000000e+00
1.122898172146073126e+00
1.230703586309294995e+00
1.325269739084051324e+00
1.408222504675942677e+00
1.480988088528478963e+00
1.544817548048247557e+00
1.600808302012957096e+00
1.649922998473228430e+00
1.693006065543641858e+00
1.730798229640495789e+00
1.763949250778086952e+00
1.793029093881237213e+00
1.818537728182246127e+00
1.840913723183131179e+00
1.860541788973381294e+00
1.877759390543775941e+00
1.892862549816052065e+00
1.906110935142609986e+00
1.917732325779941682e+00
1.927926528093390379e+00
1.936868810824485809e+00
1.944712918483341380e+00
1.951593714675319946e+00
1.957629500808634404e+00
1.962924050048383995e+00
1.967568391486760992e+00
1.971642375204635478e+00
1.975216045132595521e+00
1.978350843315016538e+00
1.981100666282052503e+00
1.983512791691733224e+00
1.985628691173909388e+00
1.987484743351256800e+00
1.989112859296298330e+00
1.990541031177913922e+00
1.991793813530208013e+00
1.992892745418185507e+00
1.993856720758516721e+00
1.994702313162315832e+00
1.995444060884946635e+00
1.996094716781991352e+00
1.996665467568872421e+00
1.997166126153856025e+00
1.997605300351209978e+00
1.997990540875204779e+00
1.998328471159410702e+00
1.998624901233275519e+00
1.998884927613858720e+00
1.999113020930159745e+00
1.999313102786564045e+00
1.999488613186918951e+00
1.999642569678458104e+00
1.999777619232439907e+00
1.999896083753476717e+00
2.000000000000000000e+00
1.100000000000000000e+02
