0.000000000000000000e+00 6.296956776702609559e+00 1.103655902372587327e+01 1.643037085366133354e+01 2.009600679647585864e+01 2.354101808839638466e+01 2.683547582392361264e+01 2.653072946480326877e+01
1.000000000000000000e+00 6.292145080541452273e+00 1.104697974961490736e+01 1.642970603020945930e+01 2.009609995347571498e+01 2.354087533167421142e+01 2.683580090089504466e+01 2.653135287469009995e+01
2.000000000000000000e+00 6.309759029127701702e+00 1.106399126503205821e+01 1.642921768402261407e+01 2.009605386353011980e+01 2.354045317269432758e+01 2.683424855479307070e+01 2.652996927934970373e+01
3.000000000000000000e+00 6.296635019563498581e+00 1.107330792760198612e+01 1.642912678003400728e+01 2.009606202988378953e+01 2.354038851134974664e+01 2.683424412535038783e+01 2.652985797691279402e+01
4.000000000000000000e+00 6.272430452181954941e+00 1.107375969014479544e+01 1.642924563329804855e+01 2.009611831392248149e+01 2.354063089478456305e+01 2.683537264838643921e+01 2.653082831792421814e+01
5.000000000000000000e+00 6.280265162365648024e+00 1.106788058913493167e+01 1.642933516187342846e+01 2.009616015092431951e+01 2.354080412845428327e+01 2.683607601679782206e+01 2.653146218546356039e+01
6.000000000000000000e+00 6.305166600210635686e+00 1.106243342624212467e+01 1.642932585747184859e+01 2.009615414826682311e+01 2.354078134725749649e+01 2.683590064776643658e+01 2.653128738501136752e+01
7.000000000000000000e+00 6.322984029485802182e+00 1.105899023743998555e+01 1.642928381560656703e+01 2.009613272529045247e+01 2.354068581254962567e+01 2.683542953061966685e+01 2.653083809397876180e+01
8.000000000000000000e+00 6.325367201106490533e+00 1.105578707505324942e+01 1.642927083049787385e+01 2.009611757715026314e+01 2.354064580321085742e+01 2.683520177549843311e+01 2.653062235590041595e+01
9.000000000000000000e+00 6.318606680606746018e+00 1.105232938074511395e+01 1.642927656355709587e+01 2.009611304236193163e+01 2.354066609564835844e+01 2.683525081547217184e+01 2.653066715904812511e+01
1.000000000000000000e+01 6.312154541779459116e+00 1.104934579962930208e+01 1.642929025553383582e+01 2.009611781767827310e+01 2.354068722976978734e+01 2.683532722171788265e+01 2.653072722679745965e+01
1.100000000000000000e+01 6.309293551596282690e+00 1.104758974020331053e+01 1.642929280669544667e+01 2.009610419406831738e+01 2.354067709954251342e+01 2.683529212903882666e+01 2.653067145526135917e+01
1.200000000000000000e+01 6.308466686293324521e+00 1.104686990396183077e+01 1.642928801953855000e+01 2.009609583571516112e+01 2.354065127377584687e+01 2.683519045351448895e+01 2.653055259930947329e+01
1.300000000000000000e+01 6.307491646042839406e+00 1.104654444083918818e+01 1.642928235366798617e+01 2.009609254434544212e+01 2.354063278014016092e+01 2.683510760242686999e+01 2.653045800231254958e+01
1.400000000000000000e+01 6.306078863808814106e+00 1.104629265477083777e+01 1.642926594970697352e+01 2.009608119003857851e+01 2.354062550425497591e+01 2.683507161831084886e+01 2.653041300097822131e+01
1.500000000000000000e+01 6.304907050738155050e+00 1.104604439327910725e+01 1.642925218701309120e+01 2.009606985274443858e+01 2.354062058936788304e+01 2.683505154733893505e+01 2.653038530197296296e+01
1.600000000000000000e+01 6.304318425879859689e+00 1.104582716775395923e+01 1.642923416384419966e+01 2.009605673272617565e+01 2.354061062120965886e+01 2.683501812002278086e+01 2.653034431373814073e+01
1.700000000000000000e+01 6.304131558283739167e+00 1.104562052246543935e+01 1.642921133555928392e+01 2.009604208621174593e+01 2.354059674420559034e+01 2.683497189377582970e+01 2.653029139952708348e+01
1.800000000000000000e+01 6.303995377821330237e+00 1.104537968765015421e+01 1.642918956316784218e+01 2.009601731827001103e+01 2.354058077289974804e+01 2.683492415114926644e+01 2.653023711679703922e+01
1.900000000000000000e+01 6.303790827016889864e+00 1.104507472384613287e+01 1.642916279935808888e+01 2.009600879120788974e+01 2.354056579170627828e+01 2.683488402297184905e+01 2.653019197096788773e+01
2.000000000000000000e+01 6.303566711735330230e+00 1.104471531073256330e+01 1.642913206916111335e+01 2.009598280881612098e+01 2.354055113523929066e+01 2.683484869594401800e+01 2.653015331261437382e+01
2.100000000000000000e+01 6.303393081400447961e+00 1.104432670715163134e+01 1.642909979458315206e+01 2.009596943571853345e+01 2.354053464979498500e+01 2.683481242863136984e+01 2.653011398147735278e+01
2.200000000000000000e+01 6.303274311702083743e+00 1.104391903314331813e+01 1.642905963772881961e+01 2.009595094622224210e+01 2.354051436837468714e+01 2.683477394818210726e+01 2.653007188454527565e+01
2.300000000000000000e+01 6.303157492011155050e+00 1.104352016947126991e+01 1.642903247503864250e+01 2.009592424068943117e+01 2.354049572240334953e+01 2.683473665248947526e+01 2.653003266260165205e+01
2.400000000000000000e+01 6.303045100673420720e+00 1.104314387304196288e+01 1.642899922922584466e+01 2.009590230709519432e+01 2.354047502677230597e+01 2.683470185505548145e+01 2.652999557496871219e+01
2.500000000000000000e+01 6.302934923639519127e+00 1.104282698463582513e+01 1.642898131960616226e+01 2.009587983784741994e+01 2.354045314511959575e+01 2.683466955859865166e+01 2.652996121457162104e+01
2.600000000000000000e+01 6.302828794204735630e+00 1.104255561896328608e+01 1.642897719252007960e+01 2.009584771799852732e+01 2.354042789347100140e+01 2.683463636045019740e+01 2.652992587961653115e+01
2.700000000000000000e+01 6.302736315974514447e+00 1.104235050942826035e+01 1.642896685963408387e+01 2.009581862930089358e+01 2.354040332023712168e+01 2.683460521983636937e+01 2.652989301435277625e+01
2.800000000000000000e+01 6.302653804052680719e+00 1.104217623896295031e+01 1.642895569140831213e+01 2.009579089444268973e+01 2.354037983983110749e+01 2.683457652499510715e+01 2.652986291817881437e+01
2.900000000000000000e+01 6.302569806869061431e+00 1.104198614000434198e+01 1.642894196202107437e+01 2.009575859058305625e+01 2.354035535655429356e+01 2.683454793783799275e+01 2.652983306808220121e+01
3.000000000000000000e+01 6.302476782178112025e+00 1.104174831807801382e+01 1.642892552017321606e+01 2.009572109216227531e+01 2.354032838304136277e+01 2.683451756001026567e+01 2.652980150545674931e+01
3.100000000000000000e+01 6.302382434053082960e+00 1.104148892161393469e+01 1.642891111692372519e+01 2.009569098483377303e+01 2.354030271206969260e+01 2.683448834645249192e+01 2.652977146811788245e+01
3.200000000000000000e+01 6.302293925045671763e+00 1.104124510782241586e+01 1.642890017980678508e+01 2.009566224001640578e+01 2.354027857296579995e+01 2.683446149640615275e+01 2.652974394389511303e+01
3.300000000000000000e+01 6.302206231258112190e+00 1.104102391971385799e+01 1.642889343802459123e+01 2.009563078336718078e+01 2.354025442298904380e+01 2.683443539755786844e+01 2.652971723534987092e+01
3.400000000000000000e+01 6.302109549394734778e+00 1.104082173499907071e+01 1.642889085915041747e+01 2.009559428060045860e+01 2.354022802128289982e+01 2.683440746775560726e+01 2.652968868750262033e+01
3.500000000000000000e+01 6.302006262279244098e+00 1.104065588975736034e+01 1.642889185757809045e+01 2.009555864152688898e+01 2.354020091674878401e+01 2.683437881406325332e+01 2.652965951902827868e+01
3.600000000000000000e+01 6.301904856917428965e+00 1.104052299166718321e+01 1.642889442141820311e+01 2.009552826691157890e+01 2.354017567367900199e+01 2.683435172791273970e+01 2.652963210556411511e+01
3.700000000000000000e+01 6.301806008154852812e+00 1.104039689160535431e+01 1.642889630771283294e+01 2.009549591668222490e+01 2.354015075527926015e+01 2.683432563659737013e+01 2.652960568928149598e+01
3.800000000000000000e+01 6.301700268604125910e+00 1.104024969964400427e+01 1.642889668732231456e+01 2.009545942551319797e+01 2.354012417337823848e+01 2.683429824570486844e+01 2.652957795703147781e+01
3.900000000000000000e+01 6.301587559902105617e+00 1.104007502128409790e+01 1.642889561714317992e+01 2.009542272805559548e+01 2.354009678257019189e+01 2.683427000541168539e+01 2.652954944141498927e+01
4.000000000000000000e+01 6.301474886555923582e+00 1.103989319867289254e+01 1.642889418892349340e+01 2.009539124878870453e+01 2.354007107489391615e+01 2.683424293752304735e+01 2.652952224939393844e+01
4.100000000000000000e+01 6.301366097209300854e+00 1.103972341084272735e+01 1.642889417320467871e+01 2.009535916253290821e+01 2.354004624004085500e+01 2.683421725312742723e+01 2.652949642751485371e+01
4.200000000000000000e+01 6.301253244054628944e+00 1.103956743215546332e+01 1.642889650657348000e+01 2.009532438179757108e+01 2.354002053027317842e+01 2.683419097244687279e+01 2.652947000223497653e+01
4.300000000000000000e+01 6.301131523423475045e+00 1.103943074076621222e+01 1.642890145959523096e+01 2.009528651556791701e+01 2.353999294601295489e+01 2.683416294633703458e+01 2.652944184088297774e+01
4.400000000000000000e+01 6.301008441973166896e+00 1.103932181998930417e+01 1.642890758355209613e+01 2.009525222129136424e+01 2.353996602872071975e+01 2.683413511473451152e+01 2.652941398503424608e+01
4.500000000000000000e+01 6.300889191223966179e+00 1.103922756938507455e+01 1.642891329123638755e+01 2.009521913573105678e+01 2.353994003018473080e+01 2.683410830457332708e+01 2.652938717184849793e+01
4.600000000000000000e+01 6.300768793359385000e+00 1.103912742223775645e+01 1.642891752956069240e+01 2.009518408720754934e+01 2.353991352844182927e+01 2.683408128497270440e+01 2.652936013670987592e+01
4.700000000000000000e+01 6.300642540657985791e+00 1.103900672325222487e+01 1.642891979934197266e+01 2.009514692673422331e+01 2.353988575293489305e+01 2.683405313190490560e+01 2.652933198088712174e+01
4.800000000000000000e+01 6.300515185493177128e+00 1.103886990922028133e+01 1.642892031729607183e+01 2.009511272644019542e+01 2.353985855886993406e+01 2.683402518679782389e+01 2.652930410874226652e+01
4.900000000000000000e+01 6.300391742606828771e+00 1.103873250654749327e+01 1.642892034433262438e+01 2.009508032565964797e+01 2.353983242475915816e+01 2.683399832447098987e+01 2.652927734650035063e+01
5.000000000000000000e+01 6.300269561400350327e+00 1.103860379446186357e+01 1.642892120963028901e+01 2.009504697875147983e+01 2.353980631601760720e+01 2.683397175951946068e+01 2.652925086865234405e+01
5.100000000000000000e+01 6.300142824694539456e+00 1.103848815122101890e+01 1.642892353080716106e+01 2.009501146039619357e+01 2.353977899476748803e+01 2.683394415900443164e+01 2.652922334163799434e+01
5.200000000000000000e+01 6.300013215819755708e+00 1.103839159361464084e+01 1.642892691668322414e+01 2.009497635034846041e+01 2.353975115097515669e+01 2.683391592049020247e+01 2.652919521604381359e+01
5.300000000000000000e+01 6.299886241476091442e+00 1.103831056343183192e+01 1.642893023910043127e+01 2.009494380242218980e+01 2.353972410101324542e+01 2.683388823944481771e+01 2.652916770174454442e+01
5.400000000000000000e+01 6.299762097079558920e+00 1.103823155394158562e+01 1.642893234758193088e+01 2.009491091143019048e+01 2.353969719231846724e+01 2.683386094069529548e+01 2.652914055057197729e+01
5.500000000000000000e+01 6.299636175760958245e+00 1.103814094999902551e+01 1.642893253318654700e+01 2.009487667734193650e+01 2.353966951209883618e+01 2.683383306117372058e+01 2.652911280861284737e+01
5.600000000000000000e+01 6.299546340052706306e+00 1.103806288310896022e+01 1.642893089598812750e+01 2.009483029566751000e+01 2.353964437418326128e+01 2.683381150151090822e+01 2.652909087168792723e+01
5.700000000000000000e+01 6.299424242455749834e+00 1.103794911861714034e+01 1.642892789617109983e+01 2.009480146563754843e+01 2.353961686909207529e+01 2.683378414715174998e+01 2.652906363476536455e+01
5.800000000000000000e+01 6.299301861681246173e+00 1.103783685950473448e+01 1.642892466225233861e+01 2.009476989454178408e+01 2.353958999874786429e+01 2.683375692920552069e+01 2.652903662887485581e+01
5.900000000000000000e+01 6.299220036334658879e+00 1.103776300759676943e+01 1.642892349368857197e+01 2.009475674427544334e+01 2.353956721124359319e+01 2.683373710302417336e+01 2.652901648507677379e+01
6.000000000000000000e+01 6.299097407509943736e+00 1.103767027811490742e+01 1.642892150652100725e+01 2.009472005850507514e+01 2.353953890483699496e+01 2.683370921621852645e+01 2.652898874933394779e+01
6.100000000000000000e+01 6.299011520668030606e+00 1.103761322754650998e+01 1.642891993889058355e+01 2.009467731736805973e+01 2.353951413874282039e+01 2.683368806990628030e+01 2.652896728597177045e+01
6.200000000000000000e+01 6.298893129265235480e+00 1.103754169235105564e+01 1.642891856579293730e+01 2.009464979389204942e+01 2.353948639538403143e+01 2.683366061588110085e+01 2.652894002349168900e+01
6.300000000000000000e+01 6.298809595310208564e+00 1.103748622390173217e+01 1.642891623633992282e+01 2.009463524907686605e+01 2.353946213277824739e+01 2.683363961421694910e+01 2.652891872658264560e+01
6.400000000000000000e+01 6.298691354431324996e+00 1.103739871323843147e+01 1.642891154730818215e+01 2.009460037692585033e+01 2.353943367901338846e+01 2.683361165989852282e+01 2.652889099150774754e+01
6.500000000000000000e+01 6.298607231777464399e+00 1.103732543255616250e+01 1.642890617598515846e+01 2.009455914455673664e+01 2.353940848688272425e+01 2.683359020110846060e+01 2.652886925977706767e+01
6.600000000000000000e+01 6.298492927086924098e+00 1.103722481633980657e+01 1.642889901563858146e+01 2.009453334825546733e+01 2.353938077700253473e+01 2.683356286935636348e+01 2.652884215990918548e+01
6.700000000000000000e+01 6.298412751017644418e+00 1.103715331223363094e+01 1.642889345834207759e+01 2.009452000450320597e+01 2.353935677124758996e+01 2.683354215716913771e+01 2.652882119272722861e+01
6.800000000000000000e+01 6.298299129079987679e+00 1.103706452148298922e+01 1.642888667029345484e+01 2.009448735956926768e+01 2.353932856281734232e+01 2.683351453720025859e+01 2.652879381168081352e+01
6.900000000000000000e+01 6.298217647609559933e+00 1.103700597687305240e+01 1.642888092775009312e+01 2.009444804532580164e+01 2.353930325984059735e+01 2.683349305688625108e+01 2.652877206999492898e+01
7.000000000000000000e+01 6.298107395087110483e+00 1.103693435331966199e+01 1.642887511947100876e+01 2.009442366650571543e+01 2.353927532551436741e+01 2.683346560713409801e+01 2.652874487432626793e+01
7.100000000000000000e+01 6.298028751407543702e+00 1.103688062678465087e+01 1.642886929910507732e+01 2.009441045257440095e+01 2.353925060983273809e+01 2.683344434100339626e+01 2.652872336125060926e+01
7.200000000000000000e+01 6.297920652676985753e+00 1.103680170556778606e+01 1.642886123289472877e+01 2.009437944715138968e+01 2.353922236963208192e+01 2.683341675118093050e+01 2.652869603435840418e+01
7.300000000000000000e+01 6.297842391045710642e+00 1.103673574964322768e+01 1.642885276920094739e+01 2.009434177230161467e+01 2.353919685045018184e+01 2.683339511469771210e+01 2.652867415253465211e+01
7.400000000000000000e+01 6.297780818893635058e+00 1.103667978096587632e+01 1.642884573545427429e+01 2.009433937289097827e+01 2.353917699920500795e+01 2.683337794526440945e+01 2.652865679691701928e+01
7.500000000000000000e+01 6.297677996658949340e+00 1.103658939161711494e+01 1.642883495573816077e+01 2.009430858070512826e+01 2.353914922780755248e+01 2.683335094454819370e+01 2.652863006416146874e+01
7.600000000000000000e+01 6.297604865214426084e+00 1.103652628903160604e+01 1.642882563959897979e+01 2.009427233241892452e+01 2.353912467710227219e+01 2.683333016399119586e+01 2.652860905960397275e+01
7.700000000000000000e+01 6.297546493493573649e+00 1.103647947109604743e+01 1.642881885860052549e+01 2.009427108238891080e+01 2.353910531527071726e+01 2.683331339588746189e+01 2.652859211801524708e+01
7.800000000000000000e+01 6.297446505353147650e+00 1.103640717731121157e+01 1.642880887733268125e+01 2.009424111116149447e+01 2.353907738776378622e+01 2.683328624455019451e+01 2.652856524045868269e+01
7.900000000000000000e+01 6.297375353453380065e+00 1.103635497619524486e+01 1.642879958221367787e+01 2.009420609886348785e+01 2.353905263690372962e+01 2.683326527304751608e+01 2.652854404985668069e+01
8.000000000000000000e+01 6.297318077249238755e+00 1.103631077961722973e+01 1.642879223177186532e+01 2.009420481733510400e+01 2.353903288976640695e+01 2.683324818043621107e+01 2.652852678724340763e+01
8.100000000000000000e+01 6.297221742540369149e+00 1.103623239036734560e+01 1.642878025989266888e+01 2.009417569496401867e+01 2.353900496810247844e+01 2.683322102342086524e+01 2.652849990881078313e+01
8.200000000000000000e+01 6.297152724213257002e+00 1.103617032461793279e+01 1.642876890065258522e+01 2.009414170603508865e+01 2.353898015061547611e+01 2.683319996944167229e+01 2.652847863875126677e+01
8.300000000000000000e+01 6.297097511031787498e+00 1.103611868593380230e+01 1.642875974298297237e+01 2.009414079966309075e+01 2.353896054896117107e+01 2.683318296081382215e+01 2.652846146179168230e+01
8.400000000000000000e+01 6.297048598897166727e+00 1.103607293544603252e+01 1.642875079582256959e+01 2.009410733975492391e+01 2.353894252414406196e+01 2.683316776951844318e+01 2.652844612376012279e+01
8.500000000000000000e+01 6.296999371148766400e+00 1.103602833490556812e+01 1.642874258742527971e+01 2.009410935944769960e+01 2.353892486612833679e+01 2.683315234496305735e+01 2.652843055198055566e+01
8.600000000000000000e+01 6.296950773039981186e+00 1.103598644897917680e+01 1.642873356370817817e+01 2.009407643936233612e+01 2.353890661893785463e+01 2.683313696339878263e+01 2.652841502626438697e+01
8.700000000000000000e+01 6.296902604429335248e+00 1.103594665311269907e+01 1.642872547519597859e+01 2.009407863905120806e+01 2.353888905946548249e+01 2.683312156102676838e+01 2.652839948244581691e+01
8.800000000000000000e+01 6.296854811268867813e+00 1.103590767961579111e+01 1.642871625556753656e+01 2.009404618839755230e+01 2.353887075342200674e+01 2.683310613043292037e+01 2.652838391418885777e+01
8.900000000000000000e+01 6.296807397484362134e+00 1.103586813132231370e+01 1.642870788421746298e+01 2.009404857760731389e+01 2.353885320136683745e+01 2.683309068448082257e+01 2.652836833163213015e+01
9.000000000000000000e+01 6.296760448171335511e+00 1.103582711345901402e+01 1.642869816145298500e+01 2.009401650468007361e+01 2.353883490506420983e+01 2.683307525837614804e+01 2.652835277188809116e+01
9.100000000000000000e+01 6.296713947018298008e+00 1.103578445070869307e+01 1.642868929262149891e+01 2.009401909290595967e+01 2.353881746796817254e+01 2.683305985283957540e+01 2.652833723668535271e+01
9.200000000000000000e+01 6.296667793815505121e+00 1.103574067292714567e+01 1.642867901923563423e+01 2.009398759780386712e+01 2.353879921973699041e+01 2.683304444171404057e+01 2.652832169342116941e+01
9.300000000000000000e+01 6.296621939056826989e+00 1.103569678136410559e+01 1.642866970533195925e+01 2.009399022793360956e+01 2.353878181943308689e+01 2.683302900617356812e+01 2.652830612614501504e+01
9.400000000000000000e+01 6.296576401432948167e+00 1.103565376147008159e+01 1.642865905790644021e+01 2.009395919985980328e+01 2.353876354637142754e+01 2.683301354839095865e+01 2.652829053682828331e+01
9.500000000000000000e+01 6.296531229144245678e+00 1.103561211574246315e+01 1.642864949665565533e+01 2.009396195968999166e+01 2.353874616913723017e+01 2.683299807828474925e+01 2.652827493658157820e+01
9.600000000000000000e+01 6.296486419719167671e+00 1.103557166016184254e+01 1.642863863893486354e+01 2.009393130754064671e+01 2.353872792210840714e+01 2.683298259304316602e+01 2.652825932334490489e+01
9.700000000000000000e+01 6.296441963734808134e+00 1.103553172060542487e+01 1.642862885468800371e+01 2.009393424189216049e+01 2.353871057466136563e+01 2.683296708978323863e+01 2.652824369397167104e+01
9.800000000000000000e+01 6.296397875163671110e+00 1.103549152802457733e+01 1.642861769261838845e+01 2.009390389637264462e+01 2.353869233769977143e+01 2.683295157764833405e+01 2.652822805720960631e+01
9.900000000000000000e+01 6.296354166602834646e+00 1.103545056099866351e+01 1.642860755366305270e+01 2.009390700414551034e+01 2.353867504760975748e+01 2.683293606525547403e+01 2.652821242386932710e+01
1.000000000000000000e+02 6.296310835473015288e+00 1.103540874407203631e+01 1.642859598266487353e+01 2.009387701972705287e+01 2.353865686409197266e+01 2.683292055471976312e+01 2.652819679284982968e+01
1.010000000000000000e+02 6.296267841496568707e+00 1.103536639381298912e+01 1.642858540828545344e+01 2.009388023080365926e+01 2.353863964173826062e+01 2.683290503269163096e+01 2.652818114986402875e+01
