9.164214901428114019e-05 9.327354160861704485e-05 9.320358249744339571e-05 9.323856205303022028e-05 -1.712914343580439685e-06
2.886727693949855652e-04 2.801402035794993851e-03 2.732789122997372495e-03 2.767095579396183173e-03 -2.902746742495182844e-04
5.152579828327955936e-04 2.422035491949542721e-02 2.022890671785321573e-02 2.222463081867432147e-02 -5.994655414151314581e-03
7.758309782862771046e-04 1.175055293316961680e-01 7.508753666966622164e-02 9.629653300068119481e-02 -3.725984444709628390e-02
1.075489923057780821e-03 3.736747802590332235e-01 1.949779715675425962e-01 2.843263759132879098e-01 -1.219859001770448176e-01
1.420097709545009926e-03 8.194666823697820401e-01 3.870772765123731141e-01 6.032719794410775771e-01 -2.657849434561652124e-01
1.816396664005323451e-03 1.322421475264561774e+00 6.035522475981300872e-01 9.629868614313459307e-01 -4.269947165681324819e-01
2.272140461634684222e-03 1.746809178561788745e+00 7.920774203153762016e-01 1.269443299438582473e+00 -5.634818918289519196e-01
2.796245828908448978e-03 2.062666781207322053e+00 9.369540673563583333e-01 1.499810424281840193e+00 -6.655469704008114551e-01
3.398967001273278492e-03 2.289899558133243307e+00 1.043518487108995529e+00 1.666709022621119418e+00 -7.392179083079912782e-01
4.092096349492832172e-03 2.453662100629660614e+00 1.121402335120938121e+00 1.787532217875299256e+00 -7.924182881176367044e-01
4.889195099945320075e-03 2.573234412672703808e+00 1.178776097221384322e+00 1.876005254947044065e+00 -8.313101160416864754e-01
5.805858662965679429e-03 2.661840191430142166e+00 1.221536423796017790e+00 1.941688307613079978e+00 -8.601515607708604128e-01
6.860021760439092772e-03 2.728327352778386228e+00 1.253746503275279256e+00 1.991036928026832742e+00 -8.818038589700729624e-01
8.072309322533520459e-03 2.778635411931357435e+00 1.278184455112655105e+00 2.028409933522006270e+00 -8.981926647738808223e-01
9.466440018942109610e-03 2.816802120947401455e+00 1.296761902671640376e+00 2.056782011809521027e+00 -9.106292076830809767e-01
1.106969031981198774e-02 2.845612150051722189e+00 1.310808324491431476e+00 2.078210237271576943e+00 -9.200187847966547761e-01
1.291342816581234586e-02 2.867009842566580868e+00 1.321257715889919471e+00 2.094133779228250170e+00 -9.269939994266526151e-01
1.503372668871276116e-02 2.882363311436464848e+00 1.328770467496813934e+00 2.105566889466639502e+00 -9.320002479479901902e-01
1.747206999004823763e-02 2.892635507836072151e+00 1.333813433426151995e+00 2.113224470631112073e+00 -9.353511981787571150e-01
2.027616478658402985e-02 2.898496577192621881e+00 1.336713072877255382e+00 2.117604825034938631e+00 -9.372652769580718246e-01
2.350087380260019315e-02 2.900398582198245645e+00 1.337691092621789313e+00 2.119044837410017479e+00 -9.378899629921645387e-01
2.720928917101878702e-02 2.898625642060092211e+00 1.336888549482091681e+00 2.117757095771092057e+00 -9.373181037981144215e-01
3.147396684470016304e-02 2.893327669052289774e+00 1.334382206096692780e+00 2.113854937574491277e+00 -9.355989070149974829e-01
3.637834616943375066e-02 2.884542905226544107e+00 1.330195581386000470e+00 2.107369243306272288e+00 -9.327452942106297940e-01
4.201838239287736254e-02 2.872212615079516862e+00 1.324306286889758599e+00 2.098259450984637731e+00 -9.287387075226890554e-01
4.850442404983753425e-02 2.856190126552389685e+00 1.316650699542467606e+00 2.086420413047428646e+00 -9.235320825031850811e-01
5.596337195534172027e-02 2.836245668599428171e+00 1.307126673971326980e+00 2.071686171285377576e+00 -9.170514593010922200e-01
6.454116204667152690e-02 2.812067971698327007e+00 1.295594772669996120e+00 2.053831372184161452e+00 -9.091965481762360746e-01
7.440562065170081008e-02 2.783263284745472799e+00 1.281878348360044217e+00 2.032570816552758508e+00 -8.998404641644842661e-01
8.574974804748450308e-02 2.749352263467516710e+00 1.265762725423658974e+00 2.007557494445587842e+00 -8.888287820233768954e-01
9.879549455263572644e-02 2.709765073190694817e+00 1.246993684918352496e+00 1.978379379054523657e+00 -8.759780272849219118e-01
1.137981030335596389e-01 2.663835013704922705e+00 1.225275459298825087e+00 1.944555236501873896e+00 -8.610737097657861217e-01
1.310511027866221312e-01 2.610791026758658262e+00 1.200268499058404492e+00 1.905529762908531488e+00 -8.438680262435203083e-01
1.508920525026439807e-01 2.549749623732020076e+00 1.171587410997166012e+00 1.860668517364592933e+00 -8.240774219229728415e-01
1.737091446760691549e-01 2.479707149325496296e+00 1.138799741219400419e+00 1.809253445272448246e+00 -8.013803324763056901e-01
1.999488006755080760e-01 2.399534025707580120e+00 1.101426789978808607e+00 1.750480407843194364e+00 -7.754156812170924784e-01
2.301244050748628145e-01 2.307973983135618745e+00 1.058948600956567399e+00 1.683461292046092961e+00 -7.457831764828156684e-01
2.648263501341207582e-01 2.203653815395457460e+00 1.010817056325774121e+00 1.607235435860615791e+00 -7.120473266021721814e-01
3.047335869522674323e-01 2.085113935457437950e+00 9.564844180439352472e-01 1.520799176750686543e+00 -6.737487154186504457e-01
3.506269092931361131e-01 1.950878957192660135e+00 8.954613312678518788e-01 1.423170144230256007e+00 -6.304291343454584418e-01
4.034042299851350322e-01 1.799604604554130072e+00 8.274318897716754773e-01 1.313518247162902775e+00 -5.816829233142578603e-01
4.640981487809338613e-01 1.630369881265760323e+00 7.524825845348250830e-01 1.191426232900292703e+00 -5.272575777022407983e-01
5.338961553961024675e-01 1.443244052089562857e+00 6.715702461822279368e-01 1.057407149135895397e+00 -4.672450255962248833e-01
6.141638630035464175e-01 1.240354444306679182e+00 5.875349300715300149e-01 9.139446871891045987e-01 -4.024240145497159360e-01
7.064717267521067878e-01 1.027701140728163320e+00 5.075396212380230976e-01 7.676203809830931535e-01 -3.347192272698445437e-01
8.126257700629513359e-01 8.165901681198439732e-01 4.502337478993922448e-01 6.334119580096181368e-01 -2.662147351263032813e-01
9.347029198704224218e-01 6.087907253275111064e-01 4.749783936090496983e-01 5.418845594682804023e-01 -1.677898726417179909e-01
1.065297080129577578e+00 6.087907253275227637e-01 4.749783936090415937e-01 5.418845594682821787e-01 1.677898726417287323e-01
1.187374229937048664e+00 8.165901681198518558e-01 4.502337478993906350e-01 6.334119580096212454e-01 2.662147351263060568e-01
1.293528273247893212e+00 1.027701140728162654e+00 5.075396212380280936e-01 7.676203809830953739e-01 3.347192272698445992e-01
1.385836136996453583e+00 1.240354444306685622e+00 5.875349300715306811e-01 9.139446871891081514e-01 4.024240145497178234e-01
1.466103844603897421e+00 1.443244052089557528e+00 6.715702461822306013e-01 1.057407149135894064e+00 4.672450255962234955e-01
1.535901851219066305e+00 1.630369881265757659e+00 7.524825845348206421e-01 1.191426232900289151e+00 5.272575777022396881e-01
1.596595770014864968e+00 1.799604604554120968e+00 8.274318897716730348e-01 1.313518247162897001e+00 5.816829233142550848e-01
1.649373090706863998e+00 1.950878957192655250e+00 8.954613312678496584e-01 1.423170144230252454e+00 6.304291343454568874e-01
1.695266413047732623e+00 2.085113935457435286e+00 9.564844180439354693e-01 1.520799176750685433e+00 6.737487154186497795e-01
1.735173649865879186e+00 2.203653815395463234e+00 1.010817056325773011e+00 1.607235435860618011e+00 7.120473266021737357e-01
1.769875594925137019e+00 2.307973983135618745e+00 1.058948600956569619e+00 1.683461292046094293e+00 7.457831764828157795e-01
1.800051199324491868e+00 2.399534025707581009e+00 1.101426789978811271e+00 1.750480407843196140e+00 7.754156812170930335e-01
1.826290855323930984e+00 2.479707149325511395e+00 1.138799741219394202e+00 1.809253445272452687e+00 8.013803324763093539e-01
1.849107947497356186e+00 2.549749623732017412e+00 1.171587410997171119e+00 1.860668517364594265e+00 8.240774219229725084e-01
1.868948897213377869e+00 2.610791026758656930e+00 1.200268499058406935e+00 1.905529762908531932e+00 8.438680262435203083e-01
1.886201896966440472e+00 2.663835013704922261e+00 1.225275459298828640e+00 1.944555236501875450e+00 8.610737097657863437e-01
1.901204505447364079e+00 2.709765073190705920e+00 1.246993684918351608e+00 1.978379379054528764e+00 8.759780272849247984e-01
1.914250251952515525e+00 2.749352263467524260e+00 1.265762725423656754e+00 2.007557494445590507e+00 8.888287820233785608e-01
1.925594379348299245e+00 2.783263284745470578e+00 1.281878348360044662e+00 2.032570816552757620e+00 8.998404641644838220e-01
1.935458837953328626e+00 2.812067971698320790e+00 1.295594772669999672e+00 2.053831372184160120e+00 9.091965481762347423e-01
1.944036628044658155e+00 2.836245668599433944e+00 1.307126673971324760e+00 2.071686171285379352e+00 9.170514593010937743e-01
1.951495575950162431e+00 2.856190126552397679e+00 1.316650699542463165e+00 2.086420413047430422e+00 9.235320825031867464e-01
1.957981617607122526e+00 2.872212615079509312e+00 1.324306286889757267e+00 2.098259450984633290e+00 9.287387075226867239e-01
1.963621653830566416e+00 2.884542905226525455e+00 1.330195581386005799e+00 2.107369243306265627e+00 9.327452942106251310e-01
1.968526033155299837e+00 2.893327669052298212e+00 1.334382206096688783e+00 2.113854937574493498e+00 9.355989070149994813e-01
1.972790710828981275e+00 2.898625642060110863e+00 1.336888549482091904e+00 2.117757095771101383e+00 9.373181037981194175e-01
1.976499126197399647e+00 2.900398582198274067e+00 1.337691092621782207e+00 2.119044837410028137e+00 9.378899629921718661e-01
1.979723835213415883e+00 2.898496577192602341e+00 1.336713072877273145e+00 2.117604825034937743e+00 9.372652769580680499e-01
1.982527930009951866e+00 2.892635507836087250e+00 1.333813433426148443e+00 2.113224470631117846e+00 9.353511981787606677e-01
1.984966273311287166e+00 2.882363311436471953e+00 1.328770467496810825e+00 2.105566889466641278e+00 9.320002479479918556e-01
1.987086571834187687e+00 2.867009842566564437e+00 1.321257715889918805e+00 2.094133779228241732e+00 9.269939994266478411e-01
1.988930309680188024e+00 2.845612150051704869e+00 1.310808324491420596e+00 2.078210237271562733e+00 9.200187847966488919e-01
1.990533559981057854e+00 2.816802120947400123e+00 1.296761902671601963e+00 2.056782011809501043e+00 9.106292076830768689e-01
1.991927690677466334e+00 2.778635411931245081e+00 1.278184455112641560e+00 2.028409933521943209e+00 8.981926647738480707e-01
1.993139978239561128e+00 2.728327352778281867e+00 1.253746503275253943e+00 1.991036928026767905e+00 8.818038589700415431e-01
1.994194141337034321e+00 2.661840191430096869e+00 1.221536423795987147e+00 1.941688307613042008e+00 8.601515607708448696e-01
1.995110804900054768e+00 2.573234412672664284e+00 1.178776097221376551e+00 1.876005254947020306e+00 8.313101160416747071e-01
1.995907903650507187e+00 2.453662100629682818e+00 1.121402335120923910e+00 1.787532217875303475e+00 7.924182881176413673e-01
1.996601032998726710e+00 2.289899558133180246e+00 1.043518487109032389e+00 1.666709022621106318e+00 7.392179083079777335e-01
1.997203754171091639e+00 2.062666781207535216e+00 9.369540673564485944e-01 1.499810424281991850e+00 6.655469704008795118e-01
1.997727859538365180e+00 1.746809178562201303e+00 7.920774203155248605e-01 1.269443299438863137e+00 5.634818918290809275e-01
1.998183603335994540e+00 1.322421475264948132e+00 6.035522475982962876e-01 9.629868614316221542e-01 4.269947165682561607e-01
1.998579902290454902e+00 8.194666823699715552e-01 3.870772765124542714e-01 6.032719794412129133e-01 2.657849434562261082e-01
1.998924510076942163e+00 3.736747802589811540e-01 1.949779715675452607e-01 2.843263759132632074e-01 1.219859001770280393e-01
1.999224169021713848e+00 1.175055293317068261e-01 7.508753666967610263e-02 9.629653300069146438e-02 3.725984444709914273e-02
1.999484742017167083e+00 2.422035491949520516e-02 2.022890671785204306e-02 2.222463081867362411e-02 5.994655414151844539e-03
1.999711327230605074e+00 2.801402035792962923e-03 2.732789122995482080e-03 2.767095579394222502e-03 2.902746742491203280e-04
1.999908357850985752e+00 0.000000000000000000e+00 0.000000000000000000e+00 0.000000000000000000e+00 0.000000000000000000e+00
